3127 2 3128 0 3126 0 0 0 0 0 0 0 0 0
4130 3 4231 0 4031 1 4230 1 0 0 0 0 0 0
4031 2 4032 1 4130 1 0 0 0 0 0 0 0 0
4629 2 4529 1 4628 1 0 0 0 0 0 0 0 0
4933 2 4833 0 5034 0 0 0 0 0 0 0 0 0
5034 2 5035 0 4933 0 0 0 0 0 0 0 0 0
544 2 545 0 543 0 0 0 0 0 0 0 0 0
450 2 449 0 549 0 0 0 0 0 0 0 0 0
748 2 648 0 849 0 0 0 0 0 0 0 0 0
2450 2 2350 0 2449 0 0 0 0 0 0 0 0 0
5047 2 5048 0 5046 0 0 0 0 0 0 0 0 0
5447 2 5448 1 5446 1 0 0 0 0 0 0 0 0
5746 2 5647 1 5745 1 0 0 0 0 0 0 0 0
6143 1 6044 1 0 0 0 0 0 0 0 0 0 0
3135 3 3136 0 3036 1 3236 1 0 0 0 0 0 0
4330 2 4230 1 4430 1 0 0 0 0 0 0 0 0
4428 2 4427 0 4528 0 0 0 0 0 0 0 0 0
4540 2 4541 0 4440 0 0 0 0 0 0 0 0 0
5527 2 5528 1 5427 1 0 0 0 0 0 0 0 0
5442 2 5443 1 5441 1 0 0 0 0 0 0 0 0
447 3 448 0 446 0 547 0 0 0 0 0 0 0
648 2 547 0 748 0 0 0 0 0 0 0 0 0
650 2 549 0 750 0 0 0 0 0 0 0 0 0
1847 2 1848 1 1746 1 0 0 0 0 0 0 0 0
3844 2 3843 0 3944 0 0 0 0 0 0 0 0 0
4149 2 4050 0 4250 0 0 0 0 0 0 0 0 0
4050 2 3949 0 4149 0 0 0 0 0 0 0 0 0
4544 2 4545 0 4543 0 0 0 0 0 0 0 0 0
4648 3 4649 0 4548 0 4647 0 0 0 0 0 0 0
5444 3 5344 0 5445 1 5443 1 0 0 0 0 0 0
3742 2 3642 0 3843 0 0 0 0 0 0 0 0 0
4437 2 4438 0 4436 0 0 0 0 0 0 0 0 0
4542 2 4543 0 4541 0 0 0 0 0 0 0 0 0
5528 2 5529 1 5527 1 0 0 0 0 0 0 0 0
5529 2 5530 1 5528 1 0 0 0 0 0 0 0 0
6242 0 0 0 0 0 0 0 0 0 0 0 0 0
545 2 446 0 544 0 0 0 0 0 0 0 0 0
1144 2 1145 1 1143 1 0 0 0 0 0 0 0 0
1343 3 1244 1 1342 1 1444 1 0 0 0 0 0 0
1646 3 1546 1 1645 1 1746 1 0 0 0 0 0 0
4548 2 4449 0 4648 0 0 0 0 0 0 0 0 0
4948 2 4849 0 5048 0 0 0 0 0 0 0 0 0
4438 2 4439 0 4437 0 0 0 0 0 0 0 0 0
4439 2 4440 0 4438 0 0 0 0 0 0 0 0 0
4541 2 4542 0 4540 0 0 0 0 0 0 0 0 0
4732 2 4632 0 4833 0 0 0 0 0 0 0 0 0
5534 2 5535 1 5533 1 0 0 0 0 0 0 0 0
547 2 447 0 648 0 0 0 0 0 0 0 0 0
3137 2 3138 0 3136 0 0 0 0 0 0 0 0 0
3733 2 3634 1 3834 1 0 0 0 0 0 0 0 0
3941 2 3942 0 4041 0 0 0 0 0 0 0 0 0
4530 2 4529 0 4631 0 0 0 0 0 0 0 0 0
5536 2 5537 1 5535 1 0 0 0 0 0 0 0 0
5538 2 5439 1 5537 1 0 0 0 0 0 0 0 0
5440 2 5441 1 5439 1 0 0 0 0 0 0 0 0
1348 2 1249 1 1347 1 0 0 0 0 0 0 0 0
1447 2 1347 1 1546 1 0 0 0 0 0 0 0 0
2150 1 2050 1 0 0 0 0 0 0 0 0 0 0
3944 2 3945 0 3844 0 0 0 0 0 0 0 0 0
4250 2 4149 0 4349 0 0 0 0 0 0 0 0 0
4646 2 4647 0 4545 0 0 0 0 0 0 0 0 0
3231 2 3130 0 3331 0 0 0 0 0 0 0 0 0
3239 2 3138 0 3339 0 0 0 0 0 0 0 0 0
3339 2 3239 0 3440 0 0 0 0 0 0 0 0 0
4528 2 4529 0 4428 0 0 0 0 0 0 0 0 0
4430 2 4330 1 4529 1 0 0 0 0 0 0 0 0
4435 2 4436 0 4434 0 0 0 0 0 0 0 0 0
4440 3 4340 0 4439 0 4540 0 0 0 0 0 0 0
6237 0 0 0 0 0 0 0 0 0 0 0 0 0
449 2 450 0 448 0 0 0 0 0 0 0 0 0
949 2 849 0 1050 0 0 0 0 0 0 0 0 0
1146 2 1145 1 1247 1 0 0 0 0 0 0 0 0
1247 2 1248 1 1146 1 0 0 0 0 0 0 0 0
5048 2 4948 0 5047 0 0 0 0 0 0 0 0 0
2936 2 2836 1 3036 1 0 0 0 0 0 0 0 0
3332 2 3331 0 3433 0 0 0 0 0 0 0 0 0
3435 2 3335 1 3534 1 0 0 0 0 0 0 0 0
3834 2 3733 1 3933 1 0 0 0 0 0 0 0 0
5236 2 5135 0 5336 0 0 0 0 0 0 0 0 0
1244 2 1143 1 1343 1 0 0 0 0 0 0 0 0
2449 2 2450 0 2448 0 0 0 0 0 0 0 0 0
5450 1 5449 1 0 0 0 0 0 0 0 0 0 0
5745 2 5746 1 5845 1 0 0 0 0 0 0 0 0
3634 2 3534 1 3733 1 0 0 0 0 0 0 0 0
3933 2 3834 1 4033 1 0 0 0 0 0 0 0 0
3942 2 3843 0 3941 0 0 0 0 0 0 0 0 0
4331 2 4231 0 4432 0 0 0 0 0 0 0 0 0
5537 2 5538 1 5536 1 0 0 0 0 0 0 0 0
1145 2 1146 1 1144 1 0 0 0 0 0 0 0 0
1050 1 949 0 0 0 0 0 0 0 0 0 0 0
2350 1 2450 0 0 0 0 0 0 0 0 0 0 0
3946 2 3947 0 3945 0 0 0 0 0 0 0 0 0
4647 2 4648 0 4646 0 0 0 0 0 0 0 0 0
4749 3 4750 0 4649 0 4849 0 0 0 0 0 0 0
4849 2 4749 0 4948 0 0 0 0 0 0 0 0 0
5446 2 5447 1 5445 1 0 0 0 0 0 0 0 0
5647 2 5547 1 5746 1 0 0 0 0 0 0 0 0
4427 2 4428 0 4426 0 0 0 0 0 0 0 0 0
5441 2 5442 1 5440 1 0 0 0 0 0 0 0 0
1743 2 1744 1 1742 1 0 0 0 0 0 0 0 0
1744 2 1645 1 1743 1 0 0 0 0 0 0 0 0
4349 2 4250 0 4449 0 0 0 0 0 0 0 0 0
4543 2 4544 0 4542 0 0 0 0 0 0 0 0 0
4449 2 4349 0 4548 0 0 0 0 0 0 0 0 0
3433 2 3434 0 3332 0 0 0 0 0 0 0 0 0
3434 2 3433 0 3534 0 0 0 0 0 0 0 0 0
3440 2 3339 0 3540 0 0 0 0 0 0 0 0 0
3540 2 3440 0 3641 0 0 0 0 0 0 0 0 0
4231 2 4130 0 4331 0 0 0 0 0 0 0 0 0
4631 2 4632 0 4530 0 0 0 0 0 0 0 0 0
5427 2 5426 1 5527 1 0 0 0 0 0 0 0 0
5533 2 5534 1 5532 1 0 0 0 0 0 0 0 0
448 2 449 0 447 0 0 0 0 0 0 0 0 0
1444 2 1343 1 1544 1 0 0 0 0 0 0 0 0
2448 2 2449 0 2547 0 0 0 0 0 0 0 0 0
3947 2 3948 0 3946 0 0 0 0 0 0 0 0 0
3948 2 3949 0 3947 0 0 0 0 0 0 0 0 0
4545 2 4544 0 4646 0 0 0 0 0 0 0 0 0
5244 2 5144 0 5344 0 0 0 0 0 0 0 0 0
5344 2 5244 0 5444 0 0 0 0 0 0 0 0 0
3036 2 2936 1 3135 1 0 0 0 0 0 0 0 0
3136 2 3137 0 3135 0 0 0 0 0 0 0 0 0
3843 3 3844 0 3742 0 3942 0 0 0 0 0 0 0
4529 4 4530 0 4528 0 4430 1 4629 1 0 0 0 0
4432 2 4433 0 4331 0 0 0 0 0 0 0 0 0
4436 2 4437 0 4435 0 0 0 0 0 0 0 0 0
750 2 650 0 850 0 0 0 0 0 0 0 0 0
1347 2 1348 1 1447 1 0 0 0 0 0 0 0 0
1250 2 1249 1 1350 1 0 0 0 0 0 0 0 0
5046 2 5047 0 5045 0 0 0 0 0 0 0 0 0
5445 2 5446 1 5444 1 0 0 0 0 0 0 0 0
5449 2 5450 1 5448 1 0 0 0 0 0 0 0 0
3331 2 3332 0 3231 0 0 0 0 0 0 0 0 0
4141 2 4041 0 4241 0 0 0 0 0 0 0 0 0
5530 2 5531 1 5529 1 0 0 0 0 0 0 0 0
5439 2 5440 1 5538 1 0 0 0 0 0 0 0 0
1948 2 1949 1 1848 1 0 0 0 0 0 0 0 0
2546 2 2547 0 2545 0 0 0 0 0 0 0 0 0
3749 2 3650 0 3850 0 0 0 0 0 0 0 0 0
2736 2 2637 1 2836 1 0 0 0 0 0 0 0 0
4032 2 4033 1 4031 1 0 0 0 0 0 0 0 0
5035 2 5034 0 5135 0 0 0 0 0 0 0 0 0
5336 2 5236 0 5436 0 0 0 0 0 0 0 0 0
5531 2 5532 1 5530 1 0 0 0 0 0 0 0 0
5532 2 5533 1 5531 1 0 0 0 0 0 0 0 0
1143 3 1144 1 1043 1 1244 1 0 0 0 0 0 0
1248 2 1249 1 1247 1 0 0 0 0 0 0 0 0
1544 2 1444 1 1645 1 0 0 0 0 0 0 0 0
1546 2 1447 1 1646 1 0 0 0 0 0 0 0 0
1746 2 1646 1 1847 1 0 0 0 0 0 0 0 0
2050 2 1949 1 2150 1 0 0 0 0 0 0 0 0
4750 1 4749 0 0 0 0 0 0 0 0 0 0 0
5144 2 5045 0 5244 0 0 0 0 0 0 0 0 0
5547 2 5448 1 5647 1 0 0 0 0 0 0 0 0
3128 2 3129 0 3127 0 0 0 0 0 0 0 0 0
3130 2 3129 0 3231 0 0 0 0 0 0 0 0 0
4033 2 3933 1 4032 1 0 0 0 0 0 0 0 0
4230 2 4130 1 4330 1 0 0 0 0 0 0 0 0
4627 2 4628 1 4626 1 0 0 0 0 0 0 0 0
5135 2 5035 0 5236 0 0 0 0 0 0 0 0 0
5436 2 5336 0 5535 0 0 0 0 0 0 0 0 0
849 3 850 0 748 0 949 0 0 0 0 0 0 0
1249 3 1250 1 1248 1 1348 1 0 0 0 0 0 0
1645 3 1646 1 1544 1 1744 1 0 0 0 0 0 0
1848 2 1847 1 1948 1 0 0 0 0 0 0 0 0
2547 2 2448 0 2546 0 0 0 0 0 0 0 0 0
3550 1 3650 0 0 0 0 0 0 0 0 0 0 0
3945 2 3946 0 3944 0 0 0 0 0 0 0 0 0
3850 2 3749 0 3949 0 0 0 0 0 0 0 0 0
2637 2 2536 1 2736 1 0 0 0 0 0 0 0 0
2836 2 2736 1 2936 1 0 0 0 0 0 0 0 0
3138 2 3137 0 3239 0 0 0 0 0 0 0 0 0
3335 2 3236 1 3435 1 0 0 0 0 0 0 0 0
3236 2 3135 1 3335 1 0 0 0 0 0 0 0 0
4041 2 3941 0 4141 0 0 0 0 0 0 0 0 0
4241 2 4141 0 4340 0 0 0 0 0 0 0 0 0
4632 2 4631 0 4732 0 0 0 0 0 0 0 0 0
4833 2 4732 0 4933 0 0 0 0 0 0 0 0 0
543 2 544 0 542 0 0 0 0 0 0 0 0 0
850 2 750 0 849 0 0 0 0 0 0 0 0 0
3949 3 3850 0 3948 0 4050 0 0 0 0 0 0 0
4649 2 4648 0 4749 0 0 0 0 0 0 0 0 0
5448 3 5449 1 5447 1 5547 1 0 0 0 0 0 0
6044 2 5944 1 6143 1 0 0 0 0 0 0 0 0
3129 2 3130 0 3128 0 0 0 0 0 0 0 0 0
3534 3 3434 0 3435 1 3634 1 0 0 0 0 0 0
3641 2 3642 0 3540 0 0 0 0 0 0 0 0 0
3642 2 3641 0 3742 0 0 0 0 0 0 0 0 0
4340 2 4241 0 4440 0 0 0 0 0 0 0 0 0
4433 2 4434 0 4432 0 0 0 0 0 0 0 0 0
4434 2 4435 0 4433 0 0 0 0 0 0 0 0 0
4628 2 4629 1 4627 1 0 0 0 0 0 0 0 0
5535 3 5436 0 5536 1 5534 1 0 0 0 0 0 0
5443 2 5444 1 5442 1 0 0 0 0 0 0 0 0
446 2 447 0 545 0 0 0 0 0 0 0 0 0
549 2 450 0 650 0 0 0 0 0 0 0 0 0
1350 1 1250 1 0 0 0 0 0 0 0 0 0 0
1949 2 1948 1 2050 1 0 0 0 0 0 0 0 0
2545 1 2546 0 0 0 0 0 0 0 0 0 0 0
3650 2 3550 0 3749 0 0 0 0 0 0 0 0 0
5045 2 5046 0 5144 0 0 0 0 0 0 0 0 0
5944 2 5845 1 6044 1 0 0 0 0 0 0 0 0
5845 2 5745 1 5944 1 0 0 0 0 0 0 0 0
720 2 621 0 820 0 0 0 0 0 0 0 0 0
919 2 820 0 1019 0 0 0 0 0 0 0 0 0
1115 2 1114 0 1216 0 0 0 0 0 0 0 0 0
1126 2 1125 1 1227 1 0 0 0 0 0 0 0 0
1217 2 1117 0 1216 0 0 0 0 0 0 0 0 0
1501 2 1401 0 1602 0 0 0 0 0 0 0 0 0
1704 2 1703 0 1805 0 0 0 0 0 0 0 0 0
1810 2 1710 0 1909 0 0 0 0 0 0 0 0 0
1916 2 1816 0 2017 0 0 0 0 0 0 0 0 0
2422 2 2421 0 2522 0 0 0 0 0 0 0 0 0
3012 2 2911 0 3112 0 0 0 0 0 0 0 0 0
3016 2 3017 0 3015 0 0 0 0 0 0 0 0 0
3224 2 3225 0 3223 0 0 0 0 0 0 0 0 0
4213 2 4112 0 4313 0 0 0 0 0 0 0 0 0
4407 2 4406 0 4507 0 0 0 0 0 0 0 0 0
4511 2 4510 0 4612 0 0 0 0 0 0 0 0 0
4709 2 4610 1 4809 1 0 0 0 0 0 0 0 0
4623 2 4624 1 4722 1 0 0 0 0 0 0 0 0
5008 2 4908 1 5107 1 0 0 0 0 0 0 0 0
5325 2 5225 1 5426 1 0 0 0 0 0 0 0 0
334 2 335 1 333 1 0 0 0 0 0 0 0 0
1227 2 1228 1 1126 1 0 0 0 0 0 0 0 0
2139 2 2040 1 2239 1 0 0 0 0 0 0 0 0
2040 3 1939 0 1940 1 2139 1 0 0 0 0 0 0
621 2 521 0 720 0 0 0 0 0 0 0 0 0
1105 2 1104 0 1206 0 0 0 0 0 0 0 0 0
1019 2 919 0 1018 0 0 0 0 0 0 0 0 0
1021 2 1022 1 1020 1 0 0 0 0 0 0 0 0
1124 2 1125 1 1024 1 0 0 0 0 0 0 0 0
2305 2 2205 1 2406 1 0 0 0 0 0 0 0 0
2306 2 2207 1 2406 1 0 0 0 0 0 0 0 0
2708 2 2709 0 2608 0 0 0 0 0 0 0 0 0
2823 2 2723 0 2923 0 0 0 0 0 0 0 0 0
3109 2 3009 1 3210 1 0 0 0 0 0 0 0 0
3017 2 3018 0 3016 0 0 0 0 0 0 0 0 0
3024 2 3025 0 2923 0 0 0 0 0 0 0 0 0
4405 2 4406 0 4404 0 0 0 0 0 0 0 0 0
4509 2 4510 0 4508 0 0 0 0 0 0 0 0 0
4614 2 4615 0 4613 0 0 0 0 0 0 0 0 0
4717 2 4716 0 4818 0 0 0 0 0 0 0 0 0
4822 3 4722 1 4821 1 4922 1 0 0 0 0 0 0
5909 2 5810 0 6010 0 0 0 0 0 0 0 0 0
6015 2 5915 1 6014 1 0 0 0 0 0 0 0 0
537 2 437 1 638 1 0 0 0 0 0 0 0 0
1230 2 1229 1 1330 1 0 0 0 0 0 0 0 0
2 1 101 0 0 0 0 0 0 0 0 0 0 0
802 2 702 1 901 1 0 0 0 0 0 0 0 0
2506 2 2406 1 2607 1 0 0 0 0 0 0 0 0
3112 3 3013 0 3012 0 3212 0 0 0 0 0 0 0
3018 2 3019 0 3017 0 0 0 0 0 0 0 0 0
3025 2 3024 0 3125 0 0 0 0 0 0 0 0 0
3206 2 3207 0 3105 0 0 0 0 0 0 0 0 0
3510 2 3509 0 3611 0 0 0 0 0 0 0 0 0
3412 2 3311 0 3511 0 0 0 0 0 0 0 0 0
3812 2 3711 0 3911 0 0 0 0 0 0 0 0 0
4402 2 4403 0 4401 0 0 0 0 0 0 0 0 0
4425 2 4426 0 4424 0 0 0 0 0 0 0 0 0
4625 2 4626 1 4624 1 0 0 0 0 0 0 0 0
4821 3 4822 0 4721 0 4920 0 0 0 0 0 0 0
131 2 32 0 231 0 0 0 0 0 0 0 0 0
439 2 440 0 438 0 0 0 0 0 0 0 0 0
1128 2 1029 0 1228 0 0 0 0 0 0 0 0 0
1029 2 929 0 1128 0 0 0 0 0 0 0 0 0
1040 3 1041 1 939 1 1139 1 0 0 0 0 0 0
1332 2 1333 1 1331 1 0 0 0 0 0 0 0 0
1236 2 1237 1 1335 1 0 0 0 0 0 0 0 0
1738 2 1639 0 1839 0 0 0 0 0 0 0 0 0
201 2 101 0 301 0 0 0 0 0 0 0 0 0
326 2 226 0 427 0 0 0 0 0 0 0 0 0
1023 2 1024 1 1022 1 0 0 0 0 0 0 0 0
1200 2 1100 1 1300 1 0 0 0 0 0 0 0 0
1401 2 1300 0 1501 0 0 0 0 0 0 0 0 0
1702 2 1703 0 1602 0 0 0 0 0 0 0 0 0
1806 2 1807 0 1805 0 0 0 0 0 0 0 0 0
2004 2 2003 1 2104 1 0 0 0 0 0 0 0 0
2109 2 2010 0 2209 0 0 0 0 0 0 0 0 0
2219 2 2220 0 2118 0 0 0 0 0 0 0 0 0
2723 2 2623 0 2823 0 0 0 0 0 0 0 0 0
2808 2 2707 1 2908 1 0 0 0 0 0 0 0 0
2911 2 2811 0 3012 0 0 0 0 0 0 0 0 0
3307 2 3207 0 3408 0 0 0 0 0 0 0 0 0
4111 2 4011 1 4212 1 0 0 0 0 0 0 0 0
4406 2 4407 0 4405 0 0 0 0 0 0 0 0 0
4508 2 4509 0 4507 0 0 0 0 0 0 0 0 0
4919 2 4920 0 4819 0 0 0 0 0 0 0 0 0
5406 2 5306 1 5505 1 0 0 0 0 0 0 0 0
5519 2 5420 1 5518 1 0 0 0 0 0 0 0 0
5915 2 5816 1 6015 1 0 0 0 0 0 0 0 0
6110 2 6011 1 6109 1 0 0 0 0 0 0 0 0
6013 2 6014 1 6012 1 0 0 0 0 0 0 0 0
437 3 438 1 436 1 537 1 0 0 0 0 0 0
1140 2 1141 0 1240 0 0 0 0 0 0 0 0 0
1939 2 1839 0 2040 0 0 0 0 0 0 0 0 0
1003 2 1004 0 1002 0 0 0 0 0 0 0 0 0
1018 2 1019 0 1117 0 0 0 0 0 0 0 0 0
1206 2 1207 0 1105 0 0 0 0 0 0 0 0 0
1208 2 1207 0 1308 0 0 0 0 0 0 0 0 0
1211 2 1111 0 1311 0 0 0 0 0 0 0 0 0
4404 2 4405 0 4403 0 0 0 0 0 0 0 0 0
4610 2 4510 1 4709 1 0 0 0 0 0 0 0 0
4624 2 4625 1 4623 1 0 0 0 0 0 0 0 0
5426 2 5427 1 5325 1 0 0 0 0 0 0 0 0
5617 2 5618 1 5716 1 0 0 0 0 0 0 0 0
6109 3 6010 0 6110 1 6108 1 0 0 0 0 0 0
6011 2 6012 1 6110 1 0 0 0 0 0 0 0 0
32 2 131 0 132 1 0 0 0 0 0 0 0 0
329 2 330 0 328 0 0 0 0 0 0 0 0 0
427 4 428 0 326 0 426 0 527 0 0 0 0 0
441 2 442 0 440 0 0 0 0 0 0 0 0 0
2536 2 2437 1 2637 1 0 0 0 0 0 0 0 0
301 2 201 0 402 0 0 0 0 0 0 0 0 0
226 2 126 0 326 0 0 0 0 0 0 0 0 0
1020 2 1021 1 1119 1 0 0 0 0 0 0 0 0
1601 2 1600 1 1701 1 0 0 0 0 0 0 0 0
1808 2 1807 0 1908 0 0 0 0 0 0 0 0 0
2009 2 1909 1 2008 1 0 0 0 0 0 0 0 0
2118 2 2018 0 2219 0 0 0 0 0 0 0 0 0
2522 2 2422 0 2623 0 0 0 0 0 0 0 0 0
2607 2 2506 1 2707 1 0 0 0 0 0 0 0 0
2623 2 2522 0 2723 0 0 0 0 0 0 0 0 0
2801 2 2802 0 2700 0 0 0 0 0 0 0 0 0
3020 2 3019 0 3120 0 0 0 0 0 0 0 0 0
4400 1 4401 0 0 0 0 0 0 0 0 0 0 0
4507 2 4508 0 4407 0 0 0 0 0 0 0 0 0
4513 2 4414 0 4613 0 0 0 0 0 0 0 0 0
4522 2 4423 0 4622 0 0 0 0 0 0 0 0 0
4721 2 4622 0 4821 0 0 0 0 0 0 0 0 0
4922 2 4822 1 5022 1 0 0 0 0 0 0 0 0
5022 3 4922 1 5121 1 5122 1 0 0 0 0 0 0
5704 2 5605 1 5703 1 0 0 0 0 0 0 0 0
5709 2 5609 0 5810 0 0 0 0 0 0 0 0 0
6014 2 6015 1 6013 1 0 0 0 0 0 0 0 0
527 2 427 0 628 0 0 0 0 0 0 0 0 0
628 2 527 0 728 0 0 0 0 0 0 0 0 0
638 2 537 1 738 1 0 0 0 0 0 0 0 0
1335 2 1236 1 1334 1 0 0 0 0 0 0 0 0
2239 2 2139 1 2238 1 0 0 0 0 0 0 0 0
101 2 2 0 201 0 0 0 0 0 0 0 0 0
503 2 404 1 603 1 0 0 0 0 0 0 0 0
521 1 621 0 0 0 0 0 0 0 0 0 0 0
1119 2 1020 1 1118 1 0 0 0 0 0 0 0 0
1317 2 1218 1 1417 1 0 0 0 0 0 0 0 0
1510 2 1411 0 1611 0 0 0 0 0 0 0 0 0
1411 3 1412 0 1410 0 1510 0 0 0 0 0 0 0
1600 2 1601 1 1500 1 0 0 0 0 0 0 0 0
1908 2 1909 0 1808 0 0 0 0 0 0 0 0 0
2018 2 2017 0 2118 0 0 0 0 0 0 0 0 0
3009 2 2908 1 3109 1 0 0 0 0 0 0 0 0
3120 2 3121 0 3020 0 0 0 0 0 0 0 0 0
3222 2 3223 0 3121 0 0 0 0 0 0 0 0 0
4722 2 4623 1 4822 1 0 0 0 0 0 0 0 0
5107 2 5008 1 5207 1 0 0 0 0 0 0 0 0
5321 2 5222 1 5320 1 0 0 0 0 0 0 0 0
5609 1 5709 0 0 0 0 0 0 0 0 0 0 0
5803 2 5703 1 5902 1 0 0 0 0 0 0 0 0
6101 2 6002 1 6201 1 0 0 0 0 0 0 0 0
6200 1 6201 1 0 0 0 0 0 0 0 0 0 0
6205 2 6206 1 6204 1 0 0 0 0 0 0 0 0
1137 2 1138 1 1237 1 0 0 0 0 0 0 0 0
1041 3 1042 1 1040 1 1141 1 0 0 0 0 0 0
1229 2 1230 1 1228 1 0 0 0 0 0 0 0 0
1334 2 1335 1 1333 1 0 0 0 0 0 0 0 0
105 2 6 1 205 1 0 0 0 0 0 0 0 0
404 2 304 1 503 1 0 0 0 0 0 0 0 0
1113 2 1114 0 1013 0 0 0 0 0 0 0 0 0
1308 2 1309 0 1208 0 0 0 0 0 0 0 0 0
1216 2 1217 0 1115 0 0 0 0 0 0 0 0 0
1516 2 1417 1 1515 1 0 0 0 0 0 0 0 0
1417 2 1317 1 1516 1 0 0 0 0 0 0 0 0
1713 2 1714 1 1813 1 0 0 0 0 0 0 0 0
1909 5 1810 0 1908 0 2010 0 1910 1 2009 1 0 0
2908 2 2808 1 3009 1 0 0 0 0 0 0 0 0
2814 2 2714 0 2913 0 0 0 0 0 0 0 0 0
3126 2 3127 0 3125 0 0 0 0 0 0 0 0 0
3711 2 3611 0 3812 0 0 0 0 0 0 0 0 0
4622 2 4522 0 4721 0 0 0 0 0 0 0 0 0
4819 2 4818 0 4919 0 0 0 0 0 0 0 0 0
5320 2 5321 1 5420 1 0 0 0 0 0 0 0 0
5816 2 5716 1 5915 1 0 0 0 0 0 0 0 0
6108 2 6109 1 6208 1 0 0 0 0 0 0 0 0
6203 2 6204 1 6202 1 0 0 0 0 0 0 0 0
428 2 328 0 427 0 0 0 0 0 0 0 0 0
436 2 437 1 335 1 0 0 0 0 0 0 0 0
733 2 734 0 732 0 0 0 0 0 0 0 0 0
829 2 728 0 929 0 0 0 0 0 0 0 0 0
939 2 839 1 1040 1 0 0 0 0 0 0 0 0
1342 2 1343 1 1242 1 0 0 0 0 0 0 0 0
603 3 502 0 503 1 702 1 0 0 0 0 0 0
901 3 1002 0 802 1 1001 1 0 0 0 0 0 0
1100 2 1001 1 1200 1 0 0 0 0 0 0 0 0
1004 2 1003 0 1104 0 0 0 0 0 0 0 0 0
1118 2 1119 1 1218 1 0 0 0 0 0 0 0 0
1022 2 1023 1 1021 1 0 0 0 0 0 0 0 0
1218 2 1118 1 1317 1 0 0 0 0 0 0 0 0
1500 2 1400 1 1600 1 0 0 0 0 0 0 0 0
2206 2 2207 1 2205 1 0 0 0 0 0 0 0 0
2700 1 2801 0 0 0 0 0 0 0 0 0 0 0
2811 2 2810 0 2911 0 0 0 0 0 0 0 0 0
3223 2 3224 0 3222 0 0 0 0 0 0 0 0 0
3710 2 3610 1 3810 1 0 0 0 0 0 0 0 0
3611 3 3511 0 3510 0 3711 0 0 0 0 0 0 0
4313 2 4213 0 4414 0 0 0 0 0 0 0 0 0
4401 2 4402 0 4400 0 0 0 0 0 0 0 0 0
4426 2 4427 0 4425 0 0 0 0 0 0 0 0 0
4613 3 4614 0 4513 0 4612 0 0 0 0 0 0 0
4715 2 4716 0 4615 0 0 0 0 0 0 0 0 0
5306 2 5207 1 5406 1 0 0 0 0 0 0 0 0
5225 2 5224 1 5325 1 0 0 0 0 0 0 0 0
5703 2 5704 1 5803 1 0 0 0 0 0 0 0 0
5618 2 5518 1 5617 1 0 0 0 0 0 0 0 0
6208 2 6108 1 6207 1 0 0 0 0 0 0 0 0
231 2 131 0 330 0 0 0 0 0 0 0 0 0
335 3 435 0 334 1 436 1 0 0 0 0 0 0
731 2 732 0 831 0 0 0 0 0 0 0 0 0
732 2 733 0 731 0 0 0 0 0 0 0 0 0
2437 2 2337 1 2536 1 0 0 0 0 0 0 0 0
126 1 226 0 0 0 0 0 0 0 0 0 0 0
1013 2 1012 0 1113 0 0 0 0 0 0 0 0 0
1309 2 1308 0 1410 0 0 0 0 0 0 0 0 0
1412 3 1311 0 1411 0 1512 0 0 0 0 0 0 0
1602 2 1501 0 1702 0 0 0 0 0 0 0 0 0
1802 2 1701 1 1902 1 0 0 0 0 0 0 0 0
1807 2 1808 0 1806 0 0 0 0 0 0 0 0 0
1811 2 1812 1 1910 1 0 0 0 0 0 0 0 0
2003 2 2004 1 1902 1 0 0 0 0 0 0 0 0
2104 2 2004 1 2205 1 0 0 0 0 0 0 0 0
2308 2 2209 0 2409 0 0 0 0 0 0 0 0 0
2320 2 2220 0 2421 0 0 0 0 0 0 0 0 0
2923 2 2823 0 3024 0 0 0 0 0 0 0 0 0
3105 2 3104 0 3206 0 0 0 0 0 0 0 0 0
3014 2 3015 0 3013 0 0 0 0 0 0 0 0 0
3019 2 3020 0 3018 0 0 0 0 0 0 0 0 0
3121 2 3120 0 3222 0 0 0 0 0 0 0 0 0
4212 2 4111 1 4311 1 0 0 0 0 0 0 0 0
4414 2 4313 0 4513 0 0 0 0 0 0 0 0 0
4626 2 4627 1 4625 1 0 0 0 0 0 0 0 0
5420 2 5320 1 5519 1 0 0 0 0 0 0 0 0
6002 2 5902 1 6101 1 0 0 0 0 0 0 0 0
6010 2 5909 0 6109 0 0 0 0 0 0 0 0 0
6204 2 6205 1 6203 1 0 0 0 0 0 0 0 0
835 2 734 0 934 0 0 0 0 0 0 0 0 0
1133 2 1034 0 1234 0 0 0 0 0 0 0 0 0
1141 3 1140 0 1041 1 1242 1 0 0 0 0 0 0
1839 2 1738 0 1939 0 0 0 0 0 0 0 0 0
402 2 301 0 502 0 0 0 0 0 0 0 0 0
1515 2 1516 1 1615 1 0 0 0 0 0 0 0 0
1910 2 1811 1 1909 1 0 0 0 0 0 0 0 0
2010 3 1909 0 2109 0 2110 0 0 0 0 0 0 0
2111 2 2110 0 2212 0 0 0 0 0 0 0 0 0
3211 2 3212 0 3311 0 0 0 0 0 0 0 0 0
3509 4 3510 0 3409 0 3410 1 3610 1 0 0 0 0
3810 2 3710 1 3910 1 0 0 0 0 0 0 0 0
3910 2 3810 1 4011 1 0 0 0 0 0 0 0 0
4612 2 4613 0 4511 0 0 0 0 0 0 0 0 0
4615 2 4614 0 4715 0 0 0 0 0 0 0 0 0
5122 2 5123 1 5022 1 0 0 0 0 0 0 0 0
5518 2 5519 1 5618 1 0 0 0 0 0 0 0 0
6012 2 6013 1 6011 1 0 0 0 0 0 0 0 0
929 3 930 0 829 0 1029 0 0 0 0 0 0 0
1139 2 1040 1 1138 1 0 0 0 0 0 0 0 0
1228 3 1128 0 1229 1 1227 1 0 0 0 0 0 0
1333 3 1234 0 1334 1 1332 1 0 0 0 0 0 0
1842 2 1742 1 1941 1 0 0 0 0 0 0 0 0
2337 2 2238 1 2437 1 0 0 0 0 0 0 0 0
6 1 105 1 0 0 0 0 0 0 0 0 0 0
502 2 402 0 603 0 0 0 0 0 0 0 0 0
702 2 603 1 802 1 0 0 0 0 0 0 0 0
1001 2 901 1 1100 1 0 0 0 0 0 0 0 0
1111 2 1012 0 1211 0 0 0 0 0 0 0 0 0
1400 2 1300 1 1500 1 0 0 0 0 0 0 0 0
1410 2 1411 0 1309 0 0 0 0 0 0 0 0 0
2220 2 2219 0 2320 0 0 0 0 0 0 0 0 0
2508 2 2409 0 2608 0 0 0 0 0 0 0 0 0
2608 2 2508 0 2708 0 0 0 0 0 0 0 0 0
3210 2 3109 1 3310 1 0 0 0 0 0 0 0 0
3610 2 3509 1 3710 1 0 0 0 0 0 0 0 0
4012 2 3911 0 4112 0 0 0 0 0 0 0 0 0
4311 2 4212 1 4411 1 0 0 0 0 0 0 0 0
4424 2 4425 0 4423 0 0 0 0 0 0 0 0 0
4716 2 4717 0 4715 0 0 0 0 0 0 0 0 0
5222 2 5121 1 5321 1 0 0 0 0 0 0 0 0
330 2 231 0 329 0 0 0 0 0 0 0 0 0
233 2 132 1 333 1 0 0 0 0 0 0 0 0
438 2 439 0 437 0 0 0 0 0 0 0 0 0
1538 2 1439 0 1639 0 0 0 0 0 0 0 0 0
1941 2 1842 1 1940 1 0 0 0 0 0 0 0 0
205 2 105 1 304 1 0 0 0 0 0 0 0 0
426 1 427 0 0 0 0 0 0 0 0 0 0 0
1300 3 1401 0 1200 1 1400 1 0 0 0 0 0 0
1311 2 1211 0 1412 0 0 0 0 0 0 0 0 0
1512 2 1412 0 1613 0 0 0 0 0 0 0 0 0
1703 2 1704 0 1702 0 0 0 0 0 0 0 0 0
1715 2 1615 0 1816 0 0 0 0 0 0 0 0 0
2008 2 2009 1 2107 1 0 0 0 0 0 0 0 0
2207 3 2107 1 2206 1 2306 1 0 0 0 0 0 0
2212 2 2111 0 2312 0 0 0 0 0 0 0 0 0
2313 2 2312 0 2414 0 0 0 0 0 0 0 0 0
2714 2 2615 0 2814 0 0 0 0 0 0 0 0 0
2615 2 2514 0 2714 0 0 0 0 0 0 0 0 0
2913 2 2814 0 3013 0 0 0 0 0 0 0 0 0
3125 3 3126 0 3025 0 3225 0 0 0 0 0 0 0
3408 2 3409 0 3307 0 0 0 0 0 0 0 0 0
3410 2 3310 1 3509 1 0 0 0 0 0 0 0 0
4403 2 4404 0 4402 0 0 0 0 0 0 0 0 0
4920 2 4821 0 4919 0 0 0 0 0 0 0 0 0
5224 2 5225 1 5123 1 0 0 0 0 0 0 0 0
5605 2 5505 1 5704 1 0 0 0 0 0 0 0 0
6206 2 6207 1 6205 1 0 0 0 0 0 0 0 0
6207 2 6208 1 6206 1 0 0 0 0 0 0 0 0
534 2 435 0 635 0 0 0 0 0 0 0 0 0
542 2 543 0 442 0 0 0 0 0 0 0 0 0
831 2 731 0 930 0 0 0 0 0 0 0 0 0
1034 2 934 0 1133 0 0 0 0 0 0 0 0 0
1331 2 1332 1 1330 1 0 0 0 0 0 0 0 0
1237 2 1137 1 1236 1 0 0 0 0 0 0 0 0
1339 2 1240 0 1439 0 0 0 0 0 0 0 0 0
1240 2 1140 0 1339 0 0 0 0 0 0 0 0 0
1114 2 1115 0 1113 0 0 0 0 0 0 0 0 0
1024 2 1023 1 1124 1 0 0 0 0 0 0 0 0
1710 2 1611 0 1810 0 0 0 0 0 0 0 0 0
1615 4 1614 0 1715 0 1515 1 1714 1 0 0 0 0
1902 2 1802 1 2003 1 0 0 0 0 0 0 0 0
1805 2 1806 0 1704 0 0 0 0 0 0 0 0 0
1812 2 1813 1 1811 1 0 0 0 0 0 0 0 0
2312 2 2313 0 2212 0 0 0 0 0 0 0 0 0
2406 3 2306 1 2305 1 2506 1 0 0 0 0 0 0
2709 2 2708 0 2810 0 0 0 0 0 0 0 0 0
2903 2 2902 0 3004 0 0 0 0 0 0 0 0 0
2810 2 2811 0 2709 0 0 0 0 0 0 0 0 0
3004 2 2903 0 3104 0 0 0 0 0 0 0 0 0
3013 3 3014 0 2913 0 3112 0 0 0 0 0 0 0
3207 2 3206 0 3307 0 0 0 0 0 0 0 0 0
3409 2 3408 0 3509 0 0 0 0 0 0 0 0 0
3511 2 3412 0 3611 0 0 0 0 0 0 0 0 0
3911 2 3812 0 4012 0 0 0 0 0 0 0 0 0
4011 2 3910 1 4111 1 0 0 0 0 0 0 0 0
4510 4 4511 0 4509 0 4411 1 4610 1 0 0 0 0
4411 2 4311 1 4510 1 0 0 0 0 0 0 0 0
4423 2 4424 0 4522 0 0 0 0 0 0 0 0 0
4818 2 4819 0 4717 0 0 0 0 0 0 0 0 0
5121 2 5022 1 5222 1 0 0 0 0 0 0 0 0
6201 3 6202 1 6101 1 6200 1 0 0 0 0 0 0
333 2 334 1 233 1 0 0 0 0 0 0 0 0
442 2 441 0 542 0 0 0 0 0 0 0 0 0
728 2 628 0 829 0 0 0 0 0 0 0 0 0
1242 2 1141 1 1342 1 0 0 0 0 0 0 0 0
820 2 720 0 919 0 0 0 0 0 0 0 0 0
1002 2 1003 0 901 0 0 0 0 0 0 0 0 0
1012 2 1013 0 1111 0 0 0 0 0 0 0 0 0
1125 2 1126 1 1124 1 0 0 0 0 0 0 0 0
1614 2 1615 0 1613 0 0 0 0 0 0 0 0 0
1714 2 1615 1 1713 1 0 0 0 0 0 0 0 0
2107 2 2008 1 2207 1 0 0 0 0 0 0 0 0
2110 2 2111 0 2010 0 0 0 0 0 0 0 0 0
2017 2 2018 0 1916 0 0 0 0 0 0 0 0 0
2209 2 2109 0 2308 0 0 0 0 0 0 0 0 0
2414 2 2313 0 2514 0 0 0 0 0 0 0 0 0
2902 2 2903 0 2802 0 0 0 0 0 0 0 0 0
3310 2 3210 1 3410 1 0 0 0 0 0 0 0 0
3225 2 3125 0 3224 0 0 0 0 0 0 0 0 0
4112 2 4012 0 4213 0 0 0 0 0 0 0 0 0
5123 2 5122 1 5224 1 0 0 0 0 0 0 0 0
5207 2 5107 1 5306 1 0 0 0 0 0 0 0 0
5902 2 5803 1 6002 1 0 0 0 0 0 0 0 0
5810 2 5709 0 5909 0 0 0 0 0 0 0 0 0
328 2 329 0 428 0 0 0 0 0 0 0 0 0
435 2 335 0 534 0 0 0 0 0 0 0 0 0
635 2 534 0 734 0 0 0 0 0 0 0 0 0
738 2 638 1 839 1 0 0 0 0 0 0 0 0
934 2 835 0 1034 0 0 0 0 0 0 0 0 0
839 2 738 1 939 1 0 0 0 0 0 0 0 0
1042 2 1043 1 1041 1 0 0 0 0 0 0 0 0
1043 2 1042 1 1143 1 0 0 0 0 0 0 0 0
1330 2 1331 1 1230 1 0 0 0 0 0 0 0 0
1234 2 1133 0 1333 0 0 0 0 0 0 0 0 0
1439 2 1339 0 1538 0 0 0 0 0 0 0 0 0
1940 2 1941 1 2040 1 0 0 0 0 0 0 0 0
304 2 205 1 404 1 0 0 0 0 0 0 0 0
1104 2 1105 0 1004 0 0 0 0 0 0 0 0 0
1117 2 1018 0 1217 0 0 0 0 0 0 0 0 0
1207 2 1208 0 1206 0 0 0 0 0 0 0 0 0
1701 2 1601 1 1802 1 0 0 0 0 0 0 0 0
1611 2 1510 0 1710 0 0 0 0 0 0 0 0 0
1613 2 1614 0 1512 0 0 0 0 0 0 0 0 0
1813 2 1713 1 1812 1 0 0 0 0 0 0 0 0
1816 2 1715 0 1916 0 0 0 0 0 0 0 0 0
2205 3 2206 1 2104 1 2305 1 0 0 0 0 0 0
2409 2 2308 0 2508 0 0 0 0 0 0 0 0 0
2514 2 2414 0 2615 0 0 0 0 0 0 0 0 0
2421 2 2422 0 2320 0 0 0 0 0 0 0 0 0
2707 2 2607 1 2808 1 0 0 0 0 0 0 0 0
2802 2 2801 0 2902 0 0 0 0 0 0 0 0 0
3104 2 3105 0 3004 0 0 0 0 0 0 0 0 0
3015 2 3016 0 3014 0 0 0 0 0 0 0 0 0
3311 2 3211 0 3412 0 0 0 0 0 0 0 0 0
3212 2 3112 0 3211 0 0 0 0 0 0 0 0 0
4908 2 4809 1 5008 1 0 0 0 0 0 0 0 0
4809 2 4709 1 4908 1 0 0 0 0 0 0 0 0
5505 2 5406 1 5605 1 0 0 0 0 0 0 0 0
5716 2 5617 1 5816 1 0 0 0 0 0 0 0 0
6202 2 6203 1 6201 1 0 0 0 0 0 0 0 0
132 2 32 1 233 1 0 0 0 0 0 0 0 0
440 2 441 0 439 0 0 0 0 0 0 0 0 0
734 3 635 0 733 0 835 0 0 0 0 0 0 0
930 2 831 0 929 0 0 0 0 0 0 0 0 0
1138 2 1139 1 1137 1 0 0 0 0 0 0 0 0
1639 2 1538 0 1738 0 0 0 0 0 0 0 0 0
1742 2 1743 1 1842 1 0 0 0 0 0 0 0 0
2238 2 2239 1 2337 1 0 0 0 0 0 0 0 0
