0000 1 1000001 1000001 1000001 1000001 1 
0001 1 1000001 1000001 1 1 1 
0002 3 1000003 1000003 3 1 3 
0003 1 1000001 1000001 1 1 1 
0004 1 1000001 1000001 1 1 1 
0005 1 1000001 1000001 1 1 1 
0006 1 1000001 1000001 1 1 1 
0007 1 1000001 1000001 1 1 1 
0008 1 1000001 1000001 1 1 1 
0009 1 1000001 1000001 1 1 1 
0010 3 1000001 1000001 1 1 1 
0011 1 1000001 1000001 3 3 1 
0012 1 1000001 1000001 1 1 1 
0013 1 1000001 1000001 1 1 1 
0014 1 1000001 1000001 1 1 1 
0015 3 1000003 1000003 3 3 3 
0016 1 1000001 1000001 1 1 3 
0017 1 1000001 1000001 1 3 1 
0018 1 1000001 1000001 1 1 1 
0019 1 1000001 1000001 1 1 1 
0020 1 1000001 1000001 1 1 1 
0021 1 1000001 1000001 1 1 3 
0022 1 1000001 1000001 1 3 1 
0023 1 1000001 1000001 1 1 1 
0024 1 1000001 1000001 1 1 1 
0025 3 1000001 1000001 1 1 3 
0026 2 1000001 1000001 3 1 1 
0027 3 1000003 1000003 4 3 3 
0028 1 1000001 1000001 1 1 1 
0029 1 1000001 1000001 1 1 1 
0030 1 1000001 1000001 1 1 1 
0031 1 1000001 1000001 1 1 1 
0032 3 1000003 1000003 3 1 1 
0033 1 1000001 1000001 1 1 1 
0034 1 1000001 1000001 1 1 1 
0035 1 1000001 1000001 1 1 1 
0036 1 1000001 1000001 1 1 1 
0037 3 1000003 1000003 3 3 3 
0038 3 1000003 1000003 3 3 3 
0039 3 1000003 1000003 3 3 3 
0040 1 1000001 1000001 1 1 1 
0041 1 1000001 1000001 1 1 1 
0042 4 1000004 1000004 4 4 4 
0043 4 1000004 1000004 4 4 4 
0044 4 1000004 1000004 4 4 4 
0045 1 1000001 1000001 1 1 1 
0046 1 1000001 1000001 1 1 1 
0047 1 1000001 1000001 1 1 1 
0048 1 1000001 1000001 1 1 1 
0049 1 1000001 1000001 1 1 1 
0050 1000001 1000001 1000001 1 1 1 
0100 1 1 1 1000001 1 1 
0102 3 3 3 3 3 3 
0110 5 5 3 3 3 5 
0111 1 1 1 3 1 1 
0115 3 1 1 1 1 3 
0116 3 3 3 3 1 1 
0117 1 1 1 3 4 4 
0118 1 1 1 1 3 1 
0120 3 1 1 1 1 3 
0121 5 5 5 5 3 3 
0122 1 1 1 3 3 1 
0123 1 1 1 1 1 3 
0124 3 1 1 1 3 3 
0125 1 1 3 3 1 1 
0126 2 1 1 1 1 1 
0127 1 1 1 2 2 1 
0131 3 1 3 3 1 3 
0132 3 3 1 3 3 1 
0137 3 3 3 3 3 3 
0138 3 3 3 3 3 3 
0139 3 3 3 3 3 3 
0142 3 3 3 3 3 3 
0143 4 4 4 4 4 4 
0144 4 4 4 4 4 4 
0149 4 4 4 4 4 4 
0150 1000004 1000004 4 4 4 1000004 
0200 1 1 1000001 1000001 1000001 1 
0208 3 3 3 3 3 3 
0210 3 1 1 1 1 3 
0211 1 1 3 3 1 1 
0212 3 3 3 3 3 3 
0215 3 1 1 1 1 3 
0216 1 1 3 3 1 1 
0217 1 4 1 1 1 1 
0218 3 3 4 1 1 1 
0219 1 1 1 3 3 3 
0220 3 1 1 1 3 3 
0221 3 3 5 5 3 3 
0222 3 3 1 1 1 1 
0223 4 1 1 3 3 4 
0224 1 3 3 4 1 1 
0225 1 1 3 1 1 2 
0226 1 1 1 1 3 1 
0227 3 2 1 1 1 2 
0228 1 1 1 3 1 1 
0233 3 3 1 3 3 1 
0235 3 3 3 3 3 3 
0236 3 3 3 3 3 3 
0238 3 3 3 3 3 3 
0239 3 3 3 3 3 3 
0240 3 3 3 3 3 3 
0242 3 3 3 3 3 3 
0244 4 4 4 4 4 4 
0245 4 4 4 4 4 4 
0250 1000001 1 1 1 1 1 
0300 1 1 1 1000001 1 1 
0308 3 3 3 3 3 3 
0309 3 1 1 1 1 3 
0310 1 1 3 3 1 1 
0312 3 3 3 3 3 3 
0314 3 1 1 1 1 3 
0315 1 1 3 3 1 1 
0316 1 1 1 1 2 1 
0318 1 3 1 1 1 1 
0319 1 3 3 1 1 1 
0320 1 1 3 1 1 1 
0321 3 3 3 3 3 3 
0322 2 3 1 1 1 1 
0323 1 1 4 2 3 3 
0324 3 3 3 3 6 6 
0325 4 5 4 3 7 7 
0326 2 1 1 2 3 2 
0327 1 1 2 2 1 1 
0329 1 3 3 1 3 3 
0330 3 1 3 1 3 3 
0333 1 3 1 3 3 3 
0334 1 3 3 1 3 3 
0335 3 3 3 1 1 1 
0336 3 3 3 3 3 3 
0337 3 3 3 3 3 3 
0338 3 3 3 3 3 3 
0343 4 4 4 4 4 4 
0345 3 3 3 3 3 3 
0350 1000001 1000001 1 1 1 1000001 
0400 1 1 1000001 1000001 1000001 1 
0409 3 1 1 1 1 3 
0410 1 1 3 3 1 1 
0411 1 1 1 1 1 3 
0412 1 1 1 1 3 3 
0413 1 1 1 1 3 3 
0414 3 1 1 1 3 3 
0415 1 1 3 3 1 1 
0416 1 2 1 1 1 1 
0417 2 2 2 2 2 2 
0418 2 2 2 2 2 2 
0419 2 2 2 2 2 2 
0422 3 3 3 3 3 3 
0423 1 3 1 1 1 1 
0424 1 4 3 1 1 1 
0425 3 7 6 3 3 3 
0426 1 3 5 1 1 1 
0427 1 3 2 1 3 1 
0433 3 3 3 3 3 3 
0435 3 1 3 3 1 3 
0436 1 3 1 3 3 3 
0437 1 3 3 1 3 1 
0438 1 3 3 1 3 3 
0439 1 3 3 1 3 3 
0443 4 4 4 4 4 4 
0444 3 3 3 3 3 3 
0445 3 3 3 3 3 3 
0446 1 3 3 3 1 3 
0450 1000001 1 1 1 1 1 
0500 1 1 1 1000001 1 1 
0501 3 3 3 3 3 3 
0505 3 3 3 3 3 3 
0506 3 3 3 3 3 3 
0508 3 1 1 1 1 3 
0509 1 1 3 3 3 3 
0510 3 1 1 1 3 3 
0511 1 3 3 3 1 1 
0512 1 3 3 1 1 1 
0513 1 3 3 1 1 1 
0514 1 1 3 1 1 1 
0515 1 1 1 1 1 2 
0517 2 2 2 2 2 2 
0518 2 2 2 2 2 2 
0519 2 2 2 2 2 2 
0520 2 2 2 2 2 2 
0523 1 1 1 1 1 3 
0524 1 1 1 1 4 3 
0525 1 1 1 1 3 2 
0526 1 1 1 1 2 3 
0527 3 3 1 3 4 1 
0535 3 3 3 3 3 3 
0536 3 3 3 3 3 3 
0537 3 3 1 3 3 1 
0541 4 4 4 4 4 4 
0542 1 3 1 3 3 3 
0543 1 3 3 1 3 3 
0544 1 3 3 1 3 3 
0545 3 1 3 1 3 3 
0550 1000001 1000001 1 1 1 1000001 
0600 1 1 1000001 1000001 1000001 1 
0606 3 3 3 3 3 3 
0608 3 1 1 1 1 3 
0609 1 3 3 3 1 1 
0610 1 3 3 1 1 1 
0611 1 1 3 1 1 1 
0612 3 3 3 3 3 3 
0615 2 2 2 2 2 2 
0616 1 1 2 1 1 1 
0618 2 2 2 2 2 2 
0620 2 2 2 2 2 2 
0622 2 2 2 2 2 2 
0623 2 1 1 1 1 2 
0624 1 4 3 2 1 1 
0625 2 4 4 2 2 3 
0626 2 3 3 2 4 2 
0627 3 2 3 1 1 2 
0628 3 3 1 5 3 1 
0637 3 3 3 3 3 3 
0641 4 4 4 4 4 4 
0642 3 3 3 3 3 3 
0643 3 3 3 3 3 3 
0650 1000001 1 1 1 1 1 
0700 1 1 1 1000001 1 1 
0703 3 3 3 3 3 3 
0707 3 1 1 1 1 3 
0708 1 1 3 3 1 1 
0710 3 3 3 3 3 3 
0711 3 3 3 3 3 3 
0712 3 3 3 3 3 3 
0713 2 2 2 2 2 2 
0714 2 2 2 2 2 2 
0719 2 2 2 2 2 2 
0721 2 2 2 2 2 2 
0722 3 2 2 2 2 2 
0723 2 2 3 3 2 2 
0724 2 2 2 2 2 2 
0725 3 4 3 2 2 3 
0726 2 1 1 2 1 2 
0727 3 3 4 4 3 3 
0731 1 3 3 3 1 3 
0732 1 3 3 1 3 3 
0733 1 3 3 1 3 3 
0737 3 3 3 3 3 3 
0740 4 4 4 4 4 4 
0743 3 3 3 3 3 3 
0745 3 3 3 3 3 3 
0746 3 3 3 3 3 3 
0748 3 3 1 3 3 1 
0749 3 3 3 3 3 3 
0750 1000003 1000003 1 3 1 1000003 
0800 1 1 1000001 1000001 1000001 1 
0804 3 3 3 3 3 3 
0805 3 3 3 3 3 3 
0806 3 3 3 3 3 3 
0807 3 1 1 1 1 1 
0808 1 1 3 3 3 1 
0810 3 3 3 3 3 3 
0811 3 3 3 3 3 3 
0812 3 3 3 3 3 3 
0813 3 3 3 3 3 3 
0814 2 2 2 2 2 2 
0821 2 2 2 2 2 2 
0822 2 2 2 2 2 2 
0823 2 2 2 2 2 2 
0824 2 2 2 2 2 2 
0825 2 2 2 2 2 2 
0826 3 2 3 2 2 2 
0827 3 3 4 4 3 3 
0828 3 3 3 3 3 3 
0831 3 1 3 3 1 3 
0832 3 3 3 3 3 3 
0834 3 3 3 3 3 3 
0838 3 3 3 3 3 3 
0839 3 3 1 3 3 1 
0843 3 3 3 3 3 3 
0844 3 3 3 3 3 3 
0846 3 3 3 3 3 3 
0847 3 3 3 3 3 3 
0849 1 3 1 3 3 1 
0850 1000003 1 3 1 3 3 
0900 1 1 1 1000001 1 1 
0903 3 3 3 3 3 3 
0907 3 3 1 1 1 1 
0908 1 1 1 3 3 3 
0909 1 1 1 1 3 1 
0910 3 3 3 3 3 3 
0911 3 3 3 3 3 3 
0912 3 3 3 3 3 3 
0913 2 2 2 2 2 2 
0914 2 2 2 2 2 2 
0920 2 2 2 2 2 2 
0921 2 2 2 2 2 2 
0922 2 2 2 2 2 2 
0923 2 2 2 2 2 3 
0924 2 2 2 2 2 2 
0926 2 1 1 1 1 1 
0927 1 1 1 2 2 1 
0928 3 3 3 3 3 3 
0930 3 1 3 1 3 3 
0934 3 1 3 3 1 3 
0935 3 3 3 3 3 3 
0943 3 3 3 3 3 3 
0944 3 3 3 3 3 3 
0945 3 3 3 3 3 3 
0946 3 3 3 3 3 3 
0947 3 3 3 3 3 3 
0949 3 3 1 3 3 1 
0950 1000001 1000001 1 1 1 1000001 
1000 1 1 1000001 1000001 1000001 1 
1003 1 3 3 1 3 3 
1008 1 3 1 1 1 1 
1009 3 3 3 1 1 1 
1010 1 1 1 3 3 1 
1011 3 3 3 3 3 3 
1012 1 3 3 3 1 3 
1014 2 2 2 2 2 2 
1020 1 1 1 1 1 2 
1021 1 1 1 1 1 2 
1022 1 1 1 1 1 2 
1023 1 1 1 1 2 2 
1024 1 1 2 1 1 1 
1027 2 2 1 1 1 1 
1028 3 3 3 4 3 3 
1029 3 1 3 3 1 3 
1032 2 2 2 2 2 2 
1033 2 2 2 2 2 2 
1034 3 1 3 3 1 3 
1050 1000001 1 1 1 1 1 
1100 1 1 1 1000001 1 1 
1103 3 3 3 3 3 3 
1104 1 3 1 3 3 3 
1107 3 3 3 3 3 3 
1108 3 3 3 3 3 3 
1109 3 3 1 1 1 3 
1110 1 1 1 3 1 1 
1119 2 1 1 1 1 1 
1120 2 2 3 3 2 2 
1121 2 2 3 2 2 4 
1122 2 3 3 2 2 4 
1123 2 2 3 2 4 3 
1124 2 1 1 1 3 1 
1125 1 1 1 2 2 1 
1127 4 3 3 3 3 3 
1128 3 1 3 4 2 3 
1130 1 1 1 1 1 2 
1131 2 2 2 2 2 2 
1132 2 2 2 2 2 2 
1133 3 1 3 3 3 1 
1150 1000001 1000001 1 1 1 1000001 
1200 1 1 1000001 1000001 1000001 1 
1202 3 3 3 3 3 3 
1203 3 3 3 3 3 3 
1204 3 3 3 3 3 3 
1207 1 3 3 1 3 3 
1208 3 3 3 1 3 1 
1209 3 1 1 1 1 1 
1210 1 1 3 3 1 1 
1211 3 1 3 3 3 1 
1213 2 2 2 2 2 2 
1218 1 1 1 1 1 2 
1219 2 2 2 2 2 3 
1220 2 2 2 2 2 2 
1221 4 2 2 2 2 2 
1222 2 2 4 4 3 2 
1223 2 4 4 2 2 2 
1224 3 4 3 2 2 2 
1225 4 3 2 3 2 2 
1226 2 2 2 4 3 2 
1228 1 2 1 1 1 1 
1229 1 1 1 1 3 1 
1231 2 2 3 2 2 2 
1232 2 2 2 2 2 2 
1238 3 3 3 3 3 3 
1239 3 3 3 3 3 3 
1250 1000001 1 1 1 1 1 
1300 1 1 1 1000001 1 1 
1307 3 3 3 3 3 3 
1308 1 1 1 1 1 3 
1310 3 3 3 3 3 3 
1311 3 3 1 3 3 1 
1313 2 2 2 2 2 2 
1315 2 2 2 2 2 2 
1316 2 2 2 2 2 2 
1317 2 1 1 1 1 2 
1318 2 2 3 3 2 2 
1319 2 2 3 2 2 3 
1320 2 2 2 2 3 4 
1321 4 3 2 2 3 4 
1322 2 2 2 4 2 2 
1323 3 2 2 2 2 3 
1324 3 2 2 3 2 2 
1325 3 3 2 3 2 2 
1326 2 2 2 3 2 2 
1327 1 1 1 1 1 2 
1328 2 3 1 1 2 1 
1329 2 2 2 3 4 2 
1331 1 1 1 1 2 1 
1337 3 3 3 3 3 3 
1350 1000001 1000001 1 1 1 1000001 
1400 1 1 1000001 1000001 1000001 2 
1401 3 3 1 3 4 1 
1407 3 3 3 3 3 3 
1408 3 1 1 1 1 1 
1409 1 1 3 3 3 1 
1411 1 3 3 1 1 3 
1412 3 3 1 1 3 1 
1415 2 2 2 2 2 2 
1416 2 2 2 2 2 2 
1417 2 1 1 1 1 2 
1418 2 2 3 3 2 2 
1419 2 2 2 2 2 2 
1420 2 3 3 2 3 2 
1421 2 3 4 2 2 2 
1422 2 2 4 2 2 2 
1423 2 2 2 2 2 2 
1424 2 2 3 2 2 2 
1425 5 4 4 4 4 4 
1426 4 4 4 5 6 4 
1427 4 4 4 4 4 4 
1428 2 3 3 2 2 2 
1429 5 4 2 2 2 2 
1430 2 2 2 5 4 2 
1431 1 2 1 1 1 1 
1433 1 1 1 1 1 2 
1434 1 1 1 1 2 1 
1435 2 2 2 2 2 2 
1438 3 3 3 3 3 3 
1442 3 3 3 3 3 3 
1443 3 3 3 3 3 3 
1450 1000003 3 3 3 3 3 
1500 2 2 2 1000001 3 1 
1501 1 1 1 2 1 1 
1502 3 3 3 3 3 3 
1506 3 3 3 3 3 3 
1507 3 3 3 3 3 3 
1508 3 3 1 1 1 1 
1509 1 1 1 3 3 1 
1511 3 3 3 3 3 3 
1512 3 3 1 3 3 1 
1513 3 3 3 3 3 3 
1516 2 1 1 1 1 1 
1517 2 2 3 3 2 2 
1518 2 2 2 2 2 2 
1519 3 3 2 2 2 3 
1520 3 2 2 3 2 2 
1521 2 2 2 3 3 2 
1522 2 2 2 2 2 2 
1523 2 2 2 2 2 2 
1524 2 2 2 2 2 2 
1525 5 6 4 4 4 4 
1526 2 2 2 3 3 2 
1527 2 2 2 2 2 2 
1528 3 2 2 2 2 2 
1529 3 4 2 3 3 2 
1530 1 1 1 2 1 1 
1531 3 3 3 3 3 3 
1532 4 3 3 3 3 3 
1533 2 3 3 3 2 2 
1534 3 2 2 2 3 2 
1535 2 2 2 3 2 2 
1538 3 1 3 3 3 1 
1540 3 3 3 3 3 3 
1541 3 3 3 3 3 3 
1542 3 3 3 3 3 3 
1545 1 1 1 1 1 2 
1549 3 3 3 3 3 3 
1550 1000003 1000003 3 3 3 1000003 
1600 1 3 1000001 1000001 1000001 1 
1602 3 3 1 3 4 1 
1603 3 3 3 3 3 3 
1607 3 3 3 3 3 3 
1609 3 3 1 1 1 1 
1610 1 1 1 3 3 3 
1616 2 2 2 2 2 2 
1617 3 2 2 2 2 2 
1618 2 2 2 3 2 2 
1619 2 2 2 2 2 2 
1620 2 2 3 2 2 2 
1621 2 3 2 2 2 2 
1622 2 2 2 2 2 2 
1623 2 2 2 2 2 2 
1624 2 2 2 2 2 2 
1625 2 2 2 2 2 2 
1626 2 3 2 2 2 2 
1627 2 2 2 2 2 2 
1628 2 2 2 2 2 2 
1629 3 2 1 1 1 1 
1630 3 2 2 4 5 2 
1631 3 3 3 4 5 3 
1633 3 2 2 2 2 2 
1634 4 3 2 3 2 2 
1635 2 2 2 4 4 2 
1636 1 1 1 1 2 1 
1638 3 3 3 3 3 3 
1639 3 3 1 3 1 3 
1640 3 3 3 3 3 3 
1641 3 3 3 3 3 3 
1643 3 3 3 3 3 3 
1646 1 1 2 1 1 1 
1647 3 3 3 3 3 3 
1648 3 3 3 3 3 3 
1649 3 3 3 3 3 3 
1650 1000002 2 2 2 2 2 
1700 2 1 1 1000001 1 1 
1701 1 2 1 2 2 1 
1703 1 3 3 1 3 3 
1707 3 3 3 3 3 3 
1708 3 3 3 3 3 3 
1709 1 3 1 1 1 1 
1710 3 1 5 3 1 3 
1716 2 2 2 2 2 3 
1717 2 2 2 2 2 2 
1718 3 2 2 2 2 2 
1719 2 2 2 3 3 2 
1720 2 2 2 2 2 2 
1721 2 2 2 2 2 2 
1722 2 2 2 2 2 2 
1723 2 2 2 2 2 2 
1724 2 2 2 2 2 2 
1725 2 2 2 2 2 2 
1726 2 2 2 2 2 2 
1727 2 2 2 2 2 2 
1728 2 2 2 2 2 2 
1729 2 4 1 1 1 1 
1730 3 4 2 3 3 2 
1731 1 1 1 2 4 2 
1732 3 2 2 2 3 4 
1733 2 2 2 3 2 2 
1734 4 4 2 2 2 3 
1735 1 2 1 3 1 1 
1737 3 3 3 3 3 3 
1738 3 1 3 3 3 1 
1740 3 3 3 3 3 3 
1747 3 3 3 3 3 3 
1748 3 3 3 3 3 3 
1749 2 2 2 2 2 2 
1750 1000002 1000002 2 2 2 1000002 
1800 2 2 1000002 1000002 1000002 2 
1801 1 2 1 1 1 1 
1802 1 1 1 1 2 1 
1804 3 3 3 3 3 3 
1807 1 3 3 1 3 3 
1808 3 3 3 1 3 1 
1809 3 3 3 3 3 3 
1814 2 2 2 2 2 2 
1815 2 2 2 2 2 2 
1816 2 1 1 1 1 1 
1817 2 2 3 3 2 2 
1818 2 2 2 2 3 3 
1819 2 3 2 2 2 2 
1820 2 2 2 2 2 2 
1821 2 2 2 2 2 2 
1822 2 2 2 2 2 2 
1823 2 2 2 2 2 2 
1824 2 2 2 2 2 2 
1825 2 2 2 2 2 2 
1826 2 2 2 2 2 2 
1827 2 2 2 2 2 2 
1828 2 2 2 2 2 2 
1830 3 4 3 3 3 3 
1831 2 4 1 1 2 2 
1832 2 3 3 3 5 3 
1833 2 2 4 2 2 2 
1834 2 2 2 2 2 2 
1835 1 1 2 1 1 1 
1843 3 3 3 3 3 3 
1844 1 1 1 1 1 2 
1845 1 1 1 1 1 2 
1846 1 1 1 1 2 1 
1850 1000001 1 1 1 1 1 
1900 2 2 2 1000002 2 2 
1901 1 2 1 1 1 1 
1902 1 1 1 1 1 2 
1904 3 3 3 3 4 3 
1906 3 3 3 3 3 3 
1911 3 3 3 3 3 3 
1912 3 3 3 3 3 3 
1913 3 3 3 3 3 3 
1914 2 2 2 2 2 2 
1915 2 2 2 2 2 2 
1916 3 1 1 1 1 1 
1917 2 3 2 4 3 2 
1918 2 2 3 2 2 2 
1919 2 2 2 2 2 2 
1920 2 2 2 2 2 2 
1921 2 2 2 2 2 2 
1922 2 2 2 2 2 2 
1923 2 2 2 2 2 2 
1924 2 2 2 2 2 2 
1925 2 2 2 2 2 2 
1926 2 2 2 2 2 2 
1927 2 2 2 2 2 2 
1928 2 2 2 2 2 2 
1929 2 2 2 2 2 2 
1930 1 2 1 1 1 1 
1931 3 5 3 2 2 4 
1932 2 2 3 3 2 4 
1933 2 2 2 2 2 4 
1934 2 2 2 2 2 2 
1942 1 1 1 1 1 2 
1943 3 3 3 3 3 4 
1944 1 1 2 1 1 1 
1945 2 2 2 1 1 1 
1946 1 1 1 2 1 1 
1950 1000002 1000002 2 2 2 1000002 
2000 2 2 1000002 1000002 1000002 2 
2001 2 2 2 2 2 2 
2002 3 2 2 2 2 2 
2003 1 1 2 2 2 1 
2004 1 2 1 1 1 1 
2005 1 1 1 1 2 1 
2006 1 1 1 1 2 1 
2007 3 3 3 3 3 3 
2010 3 3 1 3 1 1 
2011 3 3 3 3 3 3 
2013 2 2 2 2 2 2 
2014 2 2 2 2 2 2 
2015 2 2 2 2 2 2 
2016 2 2 2 2 2 2 
2017 2 2 1 1 1 1 
2018 1 1 1 2 1 1 
2019 2 2 2 2 2 2 
2020 2 2 2 2 2 2 
2021 2 2 2 2 2 2 
2022 2 2 2 2 2 2 
2023 2 2 2 2 2 2 
2024 2 2 2 2 2 2 
2025 2 2 2 2 2 2 
2026 2 2 2 2 2 2 
2027 2 2 2 2 2 2 
2028 2 2 2 2 2 2 
2029 2 2 2 2 2 2 
2030 2 2 2 2 2 2 
2031 2 2 2 2 2 2 
2032 3 2 4 2 2 3 
2033 2 2 4 3 2 3 
2034 2 2 4 2 2 2 
2037 3 3 3 3 3 3 
2043 1 1 2 1 1 2 
2044 2 2 3 2 2 2 
2047 3 3 3 3 3 3 
2050 1000001 1 1 1 1 1 
2100 2 2 2 1000002 2 2 
2101 2 2 2 2 2 2 
2102 3 3 2 2 2 2 
2103 1 1 1 2 3 2 
2104 1 2 1 1 3 2 
2105 1 2 1 1 1 1 
2106 3 3 3 3 4 3 
2108 3 3 3 3 3 3 
2110 1 3 1 3 3 3 
2112 3 3 3 3 3 3 
2113 2 2 2 2 2 3 
2114 2 2 2 2 2 2 
2115 2 2 2 2 2 2 
2116 2 2 2 2 2 2 
2117 2 2 2 2 2 2 
2119 2 2 2 2 2 2 
2120 2 2 2 2 3 2 
2121 2 2 2 2 2 2 
2122 2 2 2 2 2 3 
2123 2 2 2 2 3 2 
2124 2 2 2 2 2 2 
2125 2 2 2 2 2 2 
2126 2 2 2 2 2 2 
2127 2 2 2 2 2 2 
2128 2 2 2 2 3 2 
2129 2 2 2 2 2 3 
2130 2 2 2 2 4 3 
2131 3 2 2 2 2 4 
2132 3 2 3 3 2 3 
2133 2 2 3 3 2 2 
2135 1 1 1 1 2 1 
2136 4 3 3 3 3 3 
2137 3 3 3 4 3 3 
2141 1 1 1 1 1 2 
2142 2 2 2 2 2 2 
2143 2 2 3 2 2 2 
2144 2 2 2 2 2 2 
2145 2 2 2 2 2 2 
2147 3 3 3 3 3 3 
2150 1000001 1000001 1 1 1 1000001 
2200 2 2 1000002 1000002 1000002 2 
2201 2 2 2 2 2 2 
2202 2 2 2 2 2 2 
2203 2 4 2 2 2 2 
2204 1 3 2 1 1 1 
2205 2 1 2 1 1 1 
2206 1 2 1 2 1 1 
2207 1 1 1 1 2 1 
2208 3 3 3 3 3 3 
2209 3 1 3 3 1 3 
2211 2 2 2 2 2 2 
2212 2 1 1 1 1 1 
2213 3 3 3 4 4 3 
2214 2 2 3 2 3 2 
2215 2 2 2 2 2 2 
2216 2 2 2 2 2 2 
2217 2 2 2 2 2 2 
2218 2 2 2 2 2 2 
2220 1 2 1 1 1 1 
2221 2 2 2 2 3 3 
2222 2 2 2 2 3 2 
2223 2 3 3 2 2 2 
2224 2 2 2 2 2 2 
2225 2 2 2 2 2 2 
2226 2 2 2 2 2 2 
2227 2 2 2 2 2 2 
2228 3 3 2 2 2 2 
2229 2 2 2 3 3 2 
2230 2 4 3 2 2 2 
2231 3 2 3 2 2 4 
2232 2 2 4 3 2 2 
2233 2 2 3 2 2 2 
2234 2 2 2 2 2 2 
2235 2 3 2 2 2 2 
2236 3 3 3 3 3 3 
2237 3 3 3 3 3 3 
2241 3 2 2 2 2 2 
2242 2 2 3 3 3 2 
2243 2 2 2 2 2 2 
2244 2 2 2 2 2 2 
2245 2 2 2 2 2 2 
2246 2 2 2 2 2 2 
2248 3 3 3 3 3 3 
2249 3 3 3 3 3 3 
2250 1000001 1 1 1 1 1 
2300 1 1 1 1000001 1 1 
2301 2 2 2 2 2 2 
2302 2 2 2 2 2 2 
2303 2 2 2 2 2 2 
2304 3 2 2 2 2 2 
2305 2 1 1 2 2 1 
2306 2 2 1 2 2 2 
2307 3 3 3 4 3 3 
2308 3 1 3 3 3 1 
2310 2 2 2 2 2 2 
2311 2 2 2 2 2 2 
2312 1 2 1 1 1 1 
2313 1 2 1 1 1 1 
2314 2 2 2 2 2 2 
2315 2 2 2 2 2 2 
2316 2 2 2 2 2 2 
2317 2 2 2 2 2 2 
2318 2 2 2 2 2 2 
2319 2 2 2 2 2 2 
2320 1 2 1 1 1 1 
2321 2 3 3 2 2 2 
2322 2 2 2 2 2 2 
2323 2 2 2 2 2 2 
2324 2 2 2 2 2 2 
2325 2 2 2 2 2 2 
2326 2 2 2 2 2 2 
2327 2 2 2 2 2 2 
2328 3 3 2 2 2 2 
2329 3 2 2 3 2 2 
2330 2 2 2 3 2 2 
2331 2 2 4 2 2 2 
2332 1 1 1 1 2 2 
2333 2 2 2 2 3 2 
2334 2 2 2 2 2 2 
2335 2 2 2 2 2 2 
2336 1 1 1 1 1 2 
2338 1 1 1 1 1 2 
2340 2 2 2 2 2 2 
2341 3 3 2 2 2 2 
2342 2 2 2 3 4 2 
2343 2 2 2 2 2 2 
2344 2 2 2 2 2 2 
2345 2 2 2 2 2 2 
2346 2 2 2 2 2 2 
2347 3 3 3 3 3 3 
2348 3 3 3 3 3 3 
2349 4 3 3 3 3 4 
2350 1000001 1000001 1 2 1 1000001 
2400 1 1 1000001 1000001 1000001 1 
2402 2 2 2 2 2 2 
2403 2 2 2 2 2 2 
2404 2 2 2 2 2 2 
2405 3 3 2 2 2 2 
2406 1 2 1 2 2 1 
2407 1 1 2 1 1 1 
2410 2 2 2 2 2 2 
2411 2 2 2 2 2 2 
2412 2 2 2 2 2 2 
2413 2 2 2 2 2 2 
2415 2 2 2 2 2 2 
2416 2 2 2 2 2 2 
2417 2 2 2 2 2 2 
2418 2 2 2 2 2 2 
2419 2 2 2 2 2 3 
2420 2 2 2 2 3 2 
2421 1 1 1 1 1 2 
2422 1 1 1 1 2 1 
2423 2 2 2 2 2 2 
2424 2 2 2 2 2 2 
2425 2 2 2 2 2 2 
2426 2 2 2 2 2 2 
2427 2 2 2 2 2 2 
2428 2 2 2 2 2 2 
2429 3 2 2 2 2 2 
2430 2 2 2 3 4 2 
2431 2 2 2 2 4 3 
2432 1 2 1 1 1 1 
2433 2 2 2 1 1 1 
2434 1 1 1 2 3 3 
2435 1 1 1 1 3 1 
2436 3 3 3 3 3 3 
2437 1 1 2 1 1 1 
2439 1 1 2 1 1 1 
2440 2 2 2 2 2 2 
2441 2 2 2 2 3 3 
2442 2 4 2 2 3 2 
2443 3 3 3 3 3 3 
2444 3 3 3 3 3 3 
2445 2 2 2 2 2 2 
2446 2 2 2 2 2 2 
2447 2 2 2 2 2 2 
2449 1 1 1 1 1 2 
2450 1000001 1 2 1 1 1 
2500 1 1 1 1000001 1 1 
2503 2 2 2 2 2 2 
2504 2 2 2 2 2 2 
2505 2 3 2 2 2 2 
2508 1 1 1 1 2 1 
2509 2 2 2 2 2 2 
2510 2 2 2 2 2 2 
2511 2 2 2 2 2 2 
2512 2 2 2 2 2 2 
2513 2 2 2 2 2 2 
2515 4 4 4 4 4 4 
2516 4 4 4 4 4 4 
2517 4 4 4 4 4 4 
2518 4 4 4 4 4 4 
2519 2 3 3 2 2 2 
2520 2 2 2 2 2 2 
2521 2 3 3 2 2 2 
2523 3 3 3 3 3 3 
2527 2 2 2 2 2 2 
2528 2 2 2 2 2 2 
2529 2 4 2 2 2 2 
2530 2 4 2 2 2 2 
2531 2 2 3 2 3 2 
2533 1 3 1 1 1 1 
2534 1 3 3 1 1 1 
2535 3 3 3 3 3 3 
2537 2 2 2 2 2 2 
2538 2 2 2 2 2 3 
2539 4 4 4 4 4 4 
2540 2 3 2 2 2 3 
2541 3 3 3 2 4 2 
2542 2 2 2 3 3 2 
2543 3 3 3 3 3 3 
2544 3 3 3 3 3 3 
2547 2 1 1 1 1 1 
2548 2 2 2 3 2 2 
2549 1 1 2 1 1 1 
2550 1000003 1000003 3 3 3 1000003 
2600 1 1 1000001 1000001 1000001 1 
2604 2 2 2 2 2 2 
2605 2 2 2 2 2 2 
2606 2 2 2 2 2 2 
2608 1 2 1 1 1 1 
2609 2 2 2 2 2 2 
2610 2 2 2 2 2 2 
2611 2 2 2 2 2 2 
2613 2 2 2 2 2 2 
2614 2 2 2 2 2 2 
2617 4 4 4 4 4 4 
2618 2 2 2 2 2 2 
2619 2 2 2 2 2 2 
2620 2 2 2 2 3 2 
2621 1 1 1 1 2 1 
2622 3 3 3 3 5 4 
2623 3 3 1 3 3 1 
2626 2 2 2 2 2 2 
2627 2 2 2 2 3 2 
2628 2 2 2 2 2 2 
2629 2 2 2 2 2 2 
2630 2 2 2 2 2 2 
2631 2 3 2 2 2 2 
2632 2 2 2 2 2 2 
2633 2 2 2 2 2 2 
2634 2 2 2 2 2 2 
2638 3 2 2 2 2 2 
2639 2 2 3 3 3 2 
2640 4 4 4 4 4 4 
2641 5 6 5 4 4 5 
2642 3 3 2 3 2 3 
2643 2 2 2 3 2 2 
2644 3 3 3 3 3 3 
2645 2 2 2 2 2 2 
2646 2 2 2 2 2 2 
2647 2 2 2 2 2 2 
2648 3 2 2 2 2 2 
2649 1 1 1 2 1 1 
2650 1000003 3 3 3 3 3 
2700 1 1 1 1000001 1 1 
2704 2 2 2 2 2 2 
2705 2 2 2 2 2 2 
2706 2 2 2 2 2 2 
2707 1 1 1 1 2 1 
2710 2 2 2 2 2 2 
2711 2 2 2 2 2 2 
2715 2 2 2 2 2 2 
2716 2 2 2 2 2 2 
2717 2 2 2 2 2 2 
2718 2 2 2 2 2 2 
2719 2 3 2 2 2 2 
2720 2 3 2 2 2 2 
2721 2 4 2 2 2 2 
2722 1 1 2 1 1 1 
2723 1 1 1 1 2 1 
2724 2 2 2 2 2 2 
2725 2 2 2 2 2 2 
2726 2 3 2 2 2 2 
2727 2 2 2 2 2 2 
2728 2 2 2 2 2 2 
2729 2 2 2 2 2 2 
2730 2 2 2 2 2 2 
2731 2 2 2 2 2 2 
2732 2 2 2 2 2 2 
2733 2 2 2 2 2 2 
2734 2 2 2 2 2 2 
2735 2 2 2 2 2 2 
2737 2 2 2 2 2 2 
2738 3 3 2 2 2 2 
2739 2 2 2 3 2 2 
2740 3 2 2 2 3 3 
2741 5 4 5 5 4 5 
2742 2 2 3 3 2 2 
2743 2 2 2 2 2 2 
2744 2 2 2 2 2 2 
2745 2 2 2 2 2 2 
2746 2 2 2 2 2 2 
2749 3 3 3 3 3 3 
2750 1000001 1000001 1 1 1 1000001 
2800 1 1 1000001 1000001 1000001 1 
2801 1 3 1 3 3 3 
2804 2 2 2 2 2 2 
2805 2 2 2 2 2 2 
2806 2 2 2 2 2 2 
2807 2 3 2 2 2 2 
2812 3 3 3 3 4 3 
2813 3 3 3 3 3 3 
2814 3 1 3 3 1 3 
2815 2 2 2 2 2 2 
2816 2 2 2 2 2 2 
2817 2 2 2 2 2 2 
2818 2 2 2 2 2 2 
2819 2 2 2 2 2 2 
2820 2 2 2 2 2 2 
2821 2 2 2 2 2 2 
2822 2 2 2 2 2 2 
2823 1 2 1 1 1 1 
2824 2 2 2 2 2 2 
2825 2 2 2 2 2 2 
2826 2 2 2 2 2 2 
2827 2 2 2 2 2 2 
2828 2 2 2 2 2 2 
2829 2 2 2 2 2 2 
2830 2 2 2 2 2 2 
2831 2 2 2 2 2 2 
2832 2 2 2 2 2 2 
2833 2 2 2 2 2 2 
2834 2 2 2 2 2 2 
2835 2 2 2 2 2 2 
2837 2 2 2 2 2 2 
2838 2 2 2 2 2 2 
2839 2 2 2 2 2 2 
2840 2 3 2 2 2 2 
2841 3 2 3 2 2 2 
2842 2 2 3 3 2 2 
2843 2 2 2 2 2 2 
2844 2 2 2 2 2 2 
2845 2 2 2 2 2 2 
2846 2 2 2 2 2 2 
2847 2 2 2 2 2 2 
2849 3 3 3 3 4 3 
2850 1000003 3 3 3 3 3 
2900 1 1 1 1000001 1 1 
2901 3 3 3 3 3 3 
2902 1 3 1 3 3 3 
2905 2 2 2 2 2 2 
2906 2 2 2 2 2 2 
2907 2 2 2 2 2 2 
2909 2 2 2 2 2 2 
2910 2 2 2 2 2 2 
2911 1 2 1 1 1 1 
2912 1 1 1 1 2 1 
2913 3 1 3 3 1 3 
2914 3 3 3 3 3 3 
2915 3 3 3 3 3 3 
2919 2 2 2 2 2 2 
2920 2 2 2 2 2 2 
2921 2 2 2 2 2 2 
2922 2 2 2 2 2 2 
2924 2 2 2 2 2 2 
2925 2 2 2 2 2 2 
2926 2 2 2 2 2 2 
2927 2 2 2 2 2 2 
2928 2 2 2 2 2 2 
2929 2 2 2 2 2 2 
2930 2 2 2 2 2 2 
2931 2 2 2 2 2 2 
2932 2 2 2 2 2 2 
2933 2 2 2 2 2 2 
2934 2 2 2 2 2 2 
2935 2 2 2 2 2 2 
2937 2 2 2 2 2 2 
2938 2 2 2 2 2 2 
2939 2 2 2 2 2 2 
2940 2 2 2 2 2 2 
2941 2 2 2 2 2 2 
2942 2 2 2 2 2 2 
2943 2 2 2 2 2 2 
2944 2 2 2 2 2 2 
2945 2 2 2 2 2 2 
2946 2 2 2 2 2 2 
2947 2 2 2 2 2 2 
2948 2 2 1 1 1 1 
2949 1 1 1 2 1 1 
2950 1000001 1000001 1 1 1 1000001 
3000 1 1 1000001 1000001 1000001 1 
3001 3 3 3 3 3 3 
3002 3 3 3 3 3 3 
3003 3 3 3 3 3 3 
3004 3 3 1 3 3 1 
3005 3 3 3 3 3 3 
3007 2 2 2 2 2 2 
3010 2 2 2 2 2 2 
3011 2 2 2 2 2 2 
3012 1 2 1 1 1 1 
3021 2 2 2 2 2 2 
3022 2 2 2 2 2 2 
3023 2 2 2 2 2 2 
3026 2 2 2 2 2 2 
3027 2 2 2 2 2 2 
3028 2 2 2 2 2 2 
3029 2 2 2 2 3 2 
3030 2 2 2 2 2 2 
3031 3 2 2 2 2 2 
3032 2 2 2 3 2 2 
3033 2 2 2 2 2 2 
3036 3 1 3 3 1 3 
3037 3 3 3 3 3 3 
3040 2 2 2 2 2 2 
3041 2 2 2 2 2 2 
3042 2 2 2 2 2 2 
3043 2 2 2 2 2 2 
3044 2 2 2 2 2 2 
3045 2 2 2 2 2 2 
3046 2 2 2 2 2 2 
3047 2 2 2 2 2 2 
3048 2 1 1 1 1 1 
3049 3 3 3 4 3 3 
3050 1000003 3 3 3 3 3 
3100 1 1 1 1000001 1 1 
3101 3 3 3 3 3 3 
3102 3 3 3 3 3 3 
3105 3 3 3 1 3 1 
3106 3 3 3 3 3 3 
3110 2 2 2 2 2 2 
3111 2 2 2 2 2 2 
3112 2 1 1 1 1 1 
3113 1 1 1 2 2 1 
3115 2 2 2 2 2 2 
3116 2 2 2 2 2 2 
3117 2 2 2 2 2 2 
3118 2 2 2 2 2 2 
3119 2 2 2 2 2 2 
3121 1 1 1 1 1 2 
3123 3 3 3 3 3 3 
3124 3 3 3 3 3 3 
3128 1 2 1 1 2 1 
3130 1 1 1 1 2 1 
3131 2 2 2 2 2 2 
3132 2 2 2 2 2 2 
3135 1 1 3 3 3 1 
3136 1 3 3 1 3 3 
3137 1 3 3 1 3 3 
3140 2 2 2 2 2 2 
3141 2 2 2 2 2 2 
3142 2 2 2 2 2 2 
3143 2 2 2 2 2 2 
3144 2 2 2 2 2 2 
3145 2 2 2 2 2 2 
3146 2 2 2 2 2 2 
3148 3 3 3 3 3 3 
3149 3 3 3 3 3 3 
3150 1000003 1000003 3 3 3 1000003 
3200 1 1 1000001 1000001 1000001 1 
3201 3 3 3 3 3 3 
3202 3 3 3 3 3 3 
3204 2 2 2 2 2 2 
3213 1 2 1 1 1 1 
3214 4 4 4 4 5 4 
3215 2 2 2 2 2 2 
3216 2 2 2 2 2 2 
3217 2 2 2 2 2 2 
3218 2 2 2 2 2 2 
3221 3 2 2 2 2 2 
3222 1 1 2 2 1 2 
3223 1 1 1 1 1 2 
3224 1 3 3 1 3 3 
3226 2 2 2 2 2 2 
3227 2 2 2 2 2 2 
3228 3 3 2 2 2 2 
3229 2 2 2 3 3 2 
3230 2 3 2 2 2 2 
3231 1 1 1 1 1 2 
3233 2 2 2 2 2 2 
3234 2 2 2 2 2 2 
3242 2 2 2 2 2 2 
3243 2 2 2 2 2 2 
3244 2 2 2 2 2 2 
3245 2 2 2 2 2 2 
3246 2 2 2 2 2 2 
3247 2 2 2 2 2 2 
3249 2 1 1 1 1 2 
3250 1000001 1 1 2 1 1 
3300 3 3 3 1000003 3 3 
3304 2 2 2 2 2 2 
3305 2 2 2 2 2 2 
3306 2 2 2 2 2 2 
3308 2 1 1 1 1 1 
3309 1 1 1 2 1 1 
3313 5 5 4 4 4 4 
3314 2 2 2 3 3 2 
3315 2 2 2 2 2 2 
3316 2 2 2 2 2 2 
3317 2 2 2 2 2 2 
3319 2 1 1 1 1 1 
3320 1 1 1 2 1 1 
3321 1 1 1 1 1 2 
3322 2 2 3 2 2 2 
3323 2 2 3 2 2 2 
3326 2 2 2 2 2 2 
3327 2 2 2 2 2 2 
3328 2 3 2 2 2 2 
3329 2 2 2 2 2 2 
3330 2 2 2 2 3 2 
3331 1 1 2 1 2 1 
3334 2 2 2 2 2 2 
3340 2 1 1 1 1 1 
3341 1 1 1 2 1 1 
3342 2 2 2 2 2 2 
3343 2 2 2 2 2 2 
3344 2 2 2 2 2 2 
3345 2 2 2 2 2 2 
3346 2 2 2 2 2 2 
3347 2 2 2 2 2 2 
3348 3 2 2 2 2 3 
3349 1 1 2 2 1 1 
3350 1000001 1000001 1 1 1 1000001 
3400 3 3 1000003 1000003 1000003 3 
3401 3 3 3 3 3 3 
3405 2 2 2 2 2 2 
3406 2 2 2 2 2 2 
3407 2 2 2 2 3 2 
3411 3 3 3 3 3 3 
3414 4 5 4 4 4 4 
3415 2 2 2 2 2 2 
3416 2 2 2 2 2 2 
3421 1 1 1 1 2 2 
3422 1 1 2 1 1 1 
3423 2 2 2 2 2 2 
3427 2 2 2 2 2 2 
3428 2 2 2 2 2 2 
3429 2 2 2 2 2 2 
3430 2 3 2 2 2 2 
3431 1 2 1 1 1 1 
3432 1 1 1 1 2 1 
3439 2 2 2 2 2 2 
3441 1 1 1 1 1 2 
3444 2 2 2 2 2 2 
3445 2 2 2 2 2 2 
3446 2 2 2 2 2 2 
3447 2 2 2 2 2 2 
3448 3 2 2 2 2 2 
3449 2 2 3 3 2 2 
3450 1000001 1 1 1 1 1 
3500 1 1 1 1000001 1 1 
3505 2 2 2 2 2 2 
3506 2 3 2 2 2 2 
3507 2 2 2 2 2 2 
3508 2 2 2 2 2 2 
3511 3 1 3 3 1 3 
3516 1 1 1 1 2 2 
3519 1 1 1 1 2 1 
3520 1 2 1 1 1 2 
3521 1 1 2 1 1 1 
3522 2 2 2 2 2 2 
3523 2 2 2 2 2 2 
3528 2 2 2 2 2 2 
3531 1 2 1 1 1 2 
3536 2 2 2 2 2 2 
3537 2 2 2 2 2 2 
3538 2 2 2 2 2 2 
3539 2 2 2 2 3 2 
3540 3 3 1 3 3 1 
3541 1 1 2 1 1 1 
3544 2 2 2 2 2 2 
3545 2 2 2 2 2 2 
3546 2 2 2 2 2 2 
3547 2 2 2 2 2 2 
3550 1000003 1000003 3 3 1 1000003 
3600 1 1 1000001 1000001 1000001 1 
3605 2 2 2 2 2 2 
3606 2 2 2 2 2 2 
3607 2 2 2 2 2 2 
3608 2 2 2 2 2 2 
3611 3 1 1 3 3 1 
3612 3 3 3 3 3 3 
3616 1 2 1 1 1 1 
3617 1 1 2 1 1 1 
3619 1 2 1 1 1 1 
3620 1 1 1 1 2 1 
3621 1 1 2 1 1 1 
3622 2 2 2 2 2 2 
3623 2 2 2 2 2 2 
3632 1 1 2 1 1 2 
3637 2 2 2 2 2 2 
3638 2 2 2 2 2 2 
3639 2 3 2 2 2 2 
3641 1 3 1 3 3 3 
3642 3 3 3 1 3 1 
3644 2 2 2 2 2 2 
3645 2 2 2 2 2 2 
3646 2 2 2 2 2 2 
3647 2 2 2 2 2 2 
3648 2 2 2 2 2 2 
3650 1000003 1 3 3 1 3 
3700 1 1 1 1000001 1 1 
3705 3 3 3 3 3 3 
3706 2 2 2 2 2 2 
3707 2 2 2 2 2 2 
3713 3 3 3 3 3 3 
3719 1 2 1 1 1 1 
3722 2 2 2 2 2 2 
3723 1 1 1 1 2 1 
3724 1 1 1 1 2 1 
3728 1 1 1 1 2 2 
3731 2 1 1 1 1 2 
3732 1 1 2 2 1 1 
3734 2 2 2 2 2 2 
3735 2 2 2 2 2 2 
3736 1 1 1 1 1 2 
3737 2 2 2 2 2 2 
3738 2 2 2 2 2 2 
3739 4 4 4 4 4 4 
3740 4 4 4 4 4 4 
3741 4 4 4 4 4 4 
3742 3 3 1 3 3 1 
3743 2 2 2 2 2 2 
3744 2 2 2 2 2 2 
3745 2 2 2 2 2 2 
3746 2 2 2 2 2 2 
3747 2 2 2 2 2 2 
3750 1000003 1000003 3 3 3 1000003 
3800 1 1 1000001 1000001 1000001 1 
3805 3 3 3 3 3 3 
3807 2 2 2 2 2 2 
3808 2 2 2 2 2 2 
3809 2 2 2 2 2 2 
3813 3 3 3 3 3 3 
3823 1 2 1 1 1 1 
3824 4 5 4 4 4 4 
3828 1 2 1 1 1 1 
3829 1 1 2 1 1 1 
3832 1 1 2 1 1 1 
3835 2 2 2 2 2 2 
3837 1 1 2 1 1 1 
3838 2 2 2 2 3 2 
3839 2 2 2 2 2 2 
3840 2 2 2 2 2 3 
3841 4 4 4 4 4 4 
3842 4 4 4 4 4 4 
3843 2 1 1 1 1 1 
3844 1 1 1 2 1 1 
3845 2 2 2 2 2 2 
3846 2 2 2 2 2 2 
3847 2 2 2 2 2 2 
3850 1000001 1 1 1 1 1 
3900 3 3 3 1000003 3 3 
3905 2 2 2 2 2 2 
3906 2 2 2 2 2 2 
3907 2 2 2 2 2 2 
3908 2 2 2 2 2 2 
3913 3 3 3 3 3 3 
3914 3 3 3 3 3 3 
3915 3 3 3 3 3 3 
3920 4 4 4 4 4 4 
3934 2 2 2 2 2 2 
3935 2 2 2 2 2 2 
3936 2 2 2 2 2 2 
3937 1 2 1 1 1 1 
3939 1 1 1 1 1 2 
3940 3 3 4 3 3 3 
3943 2 2 2 2 2 2 
3948 1 3 3 1 3 3 
3949 3 1 3 1 3 1 
3950 1000001 1000001 1 1 1 1000001 
4000 3 3 1000003 1000003 1000003 3 
4001 3 3 3 3 3 3 
4006 2 2 2 2 2 2 
4007 2 2 2 2 2 2 
4008 2 2 2 2 2 2 
4009 2 2 2 2 2 2 
4010 2 2 2 2 2 2 
4013 3 3 3 3 3 3 
4014 3 3 3 3 3 3 
4015 3 3 3 3 3 3 
4016 3 3 3 3 3 3 
4034 2 2 2 2 2 2 
4035 2 2 2 2 2 2 
4036 2 2 2 2 2 2 
4037 2 2 2 2 2 2 
4040 3 3 4 3 3 3 
4042 2 2 2 2 2 2 
4043 2 2 2 2 2 2 
4044 2 2 2 2 2 2 
4045 2 2 2 2 2 2 
4046 2 2 2 2 2 2 
4047 2 2 2 2 2 2 
4050 1000001 1 1 1 1 1 
4100 3 3 3 1000003 3 3 
4101 3 3 3 3 3 3 
4102 3 3 3 3 3 3 
4106 2 2 2 2 2 2 
4107 2 2 2 2 2 2 
4108 2 2 2 2 2 2 
4109 2 2 2 2 2 2 
4110 2 2 2 2 2 2 
4114 3 3 3 3 3 3 
4115 3 3 3 3 3 3 
4116 3 3 3 3 3 3 
4134 2 2 2 2 2 2 
4135 2 2 2 2 2 2 
4136 2 2 2 2 2 2 
4137 2 2 2 2 2 2 
4139 2 2 2 2 2 2 
4140 2 2 2 2 2 2 
4142 2 2 2 2 2 2 
4144 2 2 2 2 2 2 
4145 2 2 2 2 2 2 
4146 2 2 2 2 2 2 
4147 2 2 2 2 2 2 
4148 2 2 2 2 2 2 
4150 1000001 1000001 1 1 1 1000001 
4200 3 3 1000003 1000003 1000003 3 
4201 3 3 3 3 3 3 
4202 3 3 3 3 3 3 
4205 3 3 3 3 3 3 
4207 2 2 2 2 2 2 
4208 2 2 2 2 2 2 
4209 2 2 2 2 2 2 
4216 3 3 3 3 3 3 
4224 3 3 3 3 3 3 
4225 3 3 3 3 3 3 
4234 2 2 2 2 2 2 
4235 2 2 2 2 2 2 
4236 2 2 2 2 2 2 
4240 2 2 2 2 2 2 
4242 2 2 2 2 2 2 
4243 2 2 2 2 2 2 
4244 2 2 2 2 2 2 
4245 2 2 2 2 2 2 
4246 2 2 2 2 2 2 
4247 2 2 2 2 2 2 
4248 2 2 2 2 2 2 
4249 2 2 2 2 2 2 
4250 1000001 1 1 1 1 1 
4300 3 3 3 1000003 3 3 
4301 3 3 3 3 3 3 
4302 3 3 3 3 3 3 
4303 3 3 3 3 3 3 
4304 3 3 3 3 3 3 
4305 3 3 3 3 3 3 
4307 2 2 2 2 2 2 
4308 2 2 2 2 2 2 
4323 3 3 3 3 3 3 
4324 3 3 3 3 3 3 
4325 3 3 3 3 3 3 
4331 3 3 1 3 3 1 
4332 3 3 3 3 3 3 
4333 2 2 2 2 2 2 
4334 2 2 2 2 2 2 
4335 3 3 3 3 3 3 
4336 3 3 3 3 3 3 
4337 3 3 3 3 3 3 
4341 2 2 2 2 2 2 
4342 2 2 2 2 2 2 
4343 2 2 2 2 2 2 
4344 2 2 2 2 2 2 
4345 2 2 2 2 2 2 
4346 2 2 2 2 2 2 
4347 2 2 2 2 2 2 
4348 2 2 2 2 2 2 
4350 1000002 1000002 2 2 2 1000002 
4400 1 1 1000001 1000001 1000001 1 
4424 1 3 3 1 3 3 
4425 1 3 3 1 3 3 
4426 1 3 3 1 3 3 
4427 1 3 3 1 3 3 
4428 3 3 3 1 3 1 
4432 1 3 1 3 3 3 
4433 1 3 3 1 3 3 
4435 1 3 3 1 3 3 
4436 1 3 3 1 3 3 
4437 1 3 3 1 3 3 
4438 1 3 3 1 3 3 
4441 3 3 3 3 3 3 
4442 1 1 1 1 1 2 
4443 2 2 2 2 2 2 
4444 2 2 2 2 2 2 
4445 2 2 2 2 3 2 
4446 2 2 2 2 2 2 
4447 2 2 2 2 2 2 
4448 2 2 2 2 2 2 
4450 1000002 2 2 2 2 2 
4500 3 3 3 1000003 3 3 
4501 3 3 3 3 3 3 
4502 3 3 3 3 3 3 
4503 3 3 3 3 3 3 
4507 1 1 1 1 1 2 
4508 1 1 1 1 1 2 
4511 3 3 3 1 4 1 
4513 3 1 3 3 1 3 
4522 3 1 3 3 1 3 
4523 3 3 3 3 3 3 
4524 3 3 3 3 3 3 
4531 3 3 3 3 3 3 
4532 3 3 3 3 3 3 
4534 3 3 3 3 3 3 
4535 3 3 3 3 3 3 
4540 1 3 1 3 3 3 
4542 1 1 2 1 1 1 
4544 1 4 3 1 3 3 
4545 1 1 1 1 2 1 
4546 2 2 2 2 2 2 
4547 2 2 2 2 2 2 
4549 2 2 2 2 2 2 
4550 1000002 1000002 2 2 2 1000002 
4600 3 3 1000003 1000003 1000003 3 
4602 3 3 3 3 3 3 
4607 2 1 1 1 1 1 
4608 1 1 2 2 2 1 
4609 1 1 2 1 1 1 
4611 1 2 1 1 1 1 
4613 1 1 3 1 3 3 
4615 3 3 3 1 3 1 
4620 3 3 3 3 3 3 
4621 3 3 3 3 3 3 
4622 3 1 3 3 1 3 
4631 1 3 1 3 3 3 
4632 3 3 3 1 3 1 
4634 3 3 3 3 3 3 
4635 3 3 3 3 3 3 
4640 3 3 3 3 3 3 
4641 3 3 3 3 3 3 
4643 1 1 1 1 2 1 
4645 1 2 1 1 1 1 
4648 1 1 3 1 3 3 
4649 3 3 3 1 3 1 
4650 1000001 1 1 1 1 1 
4700 3 3 3 1000003 3 3 
4702 3 3 3 3 3 3 
4703 3 3 3 3 3 3 
4707 2 3 2 2 2 2 
4708 2 2 2 2 2 2 
4710 2 2 2 2 2 2 
4711 2 2 2 2 2 2 
4712 2 2 2 2 2 2 
4714 3 3 3 3 3 3 
4719 3 3 3 3 3 3 
4720 3 3 3 3 3 3 
4721 3 1 3 3 1 3 
4724 3 3 3 3 3 3 
4725 3 3 3 3 3 3 
4731 3 3 3 3 3 3 
4732 3 3 1 3 3 1 
4733 3 3 3 3 3 3 
4739 3 3 3 3 3 3 
4742 1 2 1 1 1 1 
4747 3 3 3 3 3 3 
4748 3 3 3 3 3 3 
4749 1 3 1 3 1 3 
4750 1000003 1000003 3 1 3 1000003 
4800 3 3 1000003 1000003 1000003 3 
4803 3 3 3 3 3 3 
4806 2 2 2 2 2 2 
4807 2 2 2 2 2 3 
4808 2 2 2 2 3 2 
4810 2 2 2 2 2 3 
4811 2 2 2 2 2 2 
4812 2 2 2 2 2 2 
4813 2 2 2 2 2 2 
4815 3 3 3 3 3 3 
4816 3 3 3 3 3 3 
4819 3 3 3 1 3 1 
4820 3 3 3 3 3 3 
4821 1 1 3 3 1 3 
4822 3 1 3 1 3 1 
4824 3 3 3 3 3 3 
4825 3 3 3 3 3 3 
4826 3 3 3 3 3 3 
4827 3 3 3 3 3 3 
4828 3 3 3 3 3 3 
4832 3 3 3 3 3 3 
4833 3 3 1 3 3 1 
4836 3 3 3 3 3 3 
4837 3 3 3 3 3 3 
4848 3 3 3 3 3 3 
4850 1000001 1 1 1 1 1 
4900 3 3 3 1000003 3 3 
4906 2 2 2 2 2 2 
4907 2 3 3 2 2 2 
4909 3 2 2 2 2 3 
4910 2 2 3 3 2 2 
4911 2 2 2 2 2 2 
4912 2 2 2 2 2 2 
4913 2 2 2 2 2 2 
4916 3 3 3 3 3 3 
4919 1 3 1 3 3 3 
4920 3 1 3 1 3 3 
4923 3 3 3 3 3 3 
4924 3 3 3 3 3 3 
4925 3 3 3 3 3 3 
4926 3 3 3 3 3 3 
4927 3 3 3 3 3 3 
4935 3 3 3 3 3 3 
4936 3 3 3 3 3 3 
4948 3 1 3 3 1 3 
4950 1000003 1000003 3 3 3 1000003 
5000 1 1 1000001 1000001 1000001 1 
5001 3 3 3 3 3 3 
5003 2 2 2 2 2 2 
5004 2 2 2 2 2 2 
5005 2 2 2 2 2 2 
5006 2 2 2 2 2 2 
5007 2 2 2 2 2 2 
5009 2 2 2 2 2 3 
5010 2 2 3 2 2 2 
5011 2 2 2 2 2 2 
5012 2 2 2 2 2 2 
5013 2 2 2 2 2 2 
5014 2 2 2 2 2 2 
5015 3 3 3 3 3 3 
5016 3 3 3 3 3 3 
5017 3 3 3 3 3 3 
5019 3 3 3 3 3 3 
5020 3 3 3 3 3 3 
5021 3 3 3 3 3 3 
5025 3 3 3 3 3 3 
5027 3 3 3 3 3 3 
5035 3 3 3 1 3 1 
5036 3 3 3 3 3 3 
5042 1 1 1 1 2 1 
5043 1 1 1 1 2 2 
5044 1 1 1 1 1 2 
5046 1 3 3 1 3 3 
5047 1 3 3 1 3 3 
5049 3 3 3 3 3 3 
5050 1000003 3 3 3 3 3 
5100 1 1 1 1000001 1 1 
5102 2 2 2 2 2 2 
5103 2 2 2 2 2 2 
5104 2 2 2 2 2 2 
5105 2 2 2 2 2 3 
5106 2 2 2 2 2 2 
5108 2 2 2 2 2 3 
5109 2 2 3 2 2 2 
5110 2 2 2 2 2 2 
5111 2 2 2 2 2 2 
5112 2 2 2 2 2 2 
5113 2 2 2 2 2 2 
5115 3 3 3 3 3 3 
5116 3 3 3 3 3 3 
5117 3 3 3 3 3 3 
5119 3 3 3 3 3 3 
5120 3 3 3 3 3 3 
5135 3 3 1 3 3 1 
5141 1 2 1 1 1 1 
5142 1 2 1 1 1 1 
5143 1 1 2 1 1 1 
5144 1 1 2 1 1 1 
5146 3 3 3 3 3 3 
5147 3 3 3 3 3 3 
5150 1000003 1000003 3 3 3 1000003 
5200 3 3 1000003 1000003 1000003 3 
5201 3 3 3 3 3 3 
5203 2 2 2 2 2 2 
5204 2 2 2 2 2 2 
5205 3 2 2 2 2 2 
5206 2 2 3 3 2 2 
5208 2 2 2 2 2 2 
5209 2 2 3 2 2 2 
5210 2 2 2 2 2 2 
5211 2 2 2 2 2 2 
5212 2 2 2 2 2 2 
5213 2 2 2 2 2 2 
5214 2 2 2 2 2 2 
5215 2 2 2 2 2 2 
5218 3 3 3 3 3 3 
5220 3 3 3 3 3 3 
5221 3 3 3 3 3 3 
5236 3 3 1 3 3 1 
5237 3 3 3 3 3 3 
5244 3 1 3 3 3 1 
5245 1 1 1 1 2 1 
5247 3 3 3 3 3 3 
5248 3 3 3 3 3 3 
5250 1000001 1 1 1 1 1 
5300 3 3 3 1000003 3 3 
5301 3 3 3 3 3 3 
5303 2 2 2 2 2 2 
5304 2 2 2 2 2 2 
5305 2 2 2 2 2 2 
5307 2 2 2 2 2 2 
5308 2 2 2 2 2 2 
5309 3 3 3 3 3 3 
5310 2 2 2 2 2 2 
5311 2 2 2 2 2 2 
5312 2 2 2 2 2 2 
5313 2 2 2 2 2 2 
5314 2 2 2 2 2 2 
5315 2 2 2 2 2 2 
5317 3 3 3 3 3 3 
5318 3 3 3 3 3 3 
5322 4 4 4 4 4 4 
5323 4 4 4 4 4 4 
5324 4 4 4 4 4 4 
5336 3 3 1 3 1 3 
5337 3 3 3 3 3 3 
5338 3 3 3 3 3 3 
5344 3 4 1 3 1 3 
5350 1000001 1000001 1 1 1 1000001 
5400 3 3 1000003 1000003 1000003 3 
5401 3 3 3 3 3 3 
5404 2 2 2 2 2 2 
5405 2 2 2 2 2 2 
5407 2 2 2 2 2 2 
5408 2 2 2 2 2 2 
5409 3 3 3 3 3 3 
5410 3 3 3 3 3 3 
5412 2 2 2 2 2 2 
5413 2 2 2 2 2 2 
5414 2 2 2 2 2 2 
5415 2 2 2 2 2 2 
5417 3 3 3 3 3 3 
5422 4 4 4 4 4 4 
5423 4 4 4 4 4 4 
5424 4 4 4 4 4 4 
5425 4 4 4 4 4 4 
5436 3 1 3 3 1 3 
5437 3 3 3 3 3 3 
5438 3 3 3 3 3 3 
5439 1 1 1 1 1 2 
5440 1 1 1 1 2 1 
5444 1 1 1 1 2 1 
5450 1000001 1 1 1 1 1 
5500 3 3 3 1000003 3 3 
5501 3 3 3 3 3 3 
5502 3 3 3 3 3 3 
5503 2 2 2 2 2 2 
5504 2 2 2 2 2 2 
5506 2 2 2 2 2 2 
5507 2 2 2 2 2 2 
5508 2 2 2 2 2 2 
5509 3 3 3 3 3 3 
5512 2 2 2 2 2 2 
5513 2 2 2 2 2 2 
5514 2 2 2 2 2 2 
5520 4 4 4 4 4 4 
5521 4 4 4 4 4 4 
5522 4 4 4 4 4 4 
5523 4 4 4 4 4 4 
5524 4 4 4 4 4 4 
5525 4 4 4 4 4 4 
5526 4 4 4 4 4 4 
5538 2 1 1 1 1 1 
5539 1 2 2 2 1 1 
5543 1 2 1 1 1 1 
5545 1 1 1 1 2 1 
5549 4 4 4 4 4 4 
5550 1000004 1000004 4 4 4 1000004 
5600 3 3 1000003 1000003 1000003 3 
5601 3 3 3 3 3 3 
5602 3 3 3 3 3 3 
5604 2 2 2 2 2 2 
5606 2 2 2 2 2 2 
5607 2 2 2 2 2 2 
5608 2 2 2 2 2 2 
5610 2 2 2 2 2 2 
5611 2 2 2 2 2 2 
5612 2 2 2 2 2 2 
5613 2 2 2 2 2 2 
5620 4 4 4 4 4 4 
5621 4 4 4 4 4 4 
5622 4 4 4 4 4 4 
5623 4 4 4 4 4 4 
5624 4 4 4 4 4 4 
5625 4 4 4 4 4 4 
5626 4 4 4 4 4 4 
5627 4 4 4 4 4 4 
5628 4 4 4 4 4 4 
5629 4 4 4 4 4 4 
5638 2 1 1 1 1 1 
5639 1 1 1 2 2 1 
5640 1 1 1 1 2 2 
5645 1 2 1 1 1 1 
5648 4 4 4 4 4 4 
5649 4 4 4 4 4 4 
5650 1000004 4 4 4 4 4 
5700 3 3 3 1000003 3 3 
5701 3 3 3 3 3 3 
5705 2 2 2 2 2 2 
5706 2 2 2 2 2 2 
5707 2 2 2 2 2 2 
5714 3 3 3 3 3 3 
5715 3 3 3 3 3 3 
5719 4 4 4 4 4 4 
5720 4 4 4 4 4 4 
5721 4 4 4 4 4 4 
5722 4 4 4 4 4 4 
5723 4 4 4 4 4 4 
5724 4 4 4 4 4 4 
5725 4 4 4 4 4 4 
5726 4 4 4 4 4 4 
5727 4 4 4 4 4 4 
5728 4 4 4 4 4 4 
5729 4 4 4 4 4 4 
5730 4 4 4 4 4 4 
5731 4 4 4 4 4 4 
5738 1 2 1 1 1 1 
5739 1 2 1 1 1 1 
5740 1 1 2 1 1 1 
5747 4 4 4 4 4 4 
5748 4 4 4 4 4 4 
5749 4 4 4 4 4 4 
5750 1000004 1000004 4 4 4 1000004 
5800 3 3 1000003 1000003 1000003 3 
5801 3 3 3 3 3 3 
5806 2 2 2 2 2 2 
5807 2 2 2 2 2 2 
5810 3 3 1 3 1 3 
5814 3 3 3 3 3 3 
5815 3 3 3 3 3 3 
5819 4 4 4 4 4 4 
5820 4 4 4 4 4 4 
5821 4 4 4 4 4 4 
5822 4 4 4 4 4 4 
5823 4 4 4 4 4 4 
5824 4 4 4 4 4 4 
5825 4 4 4 4 4 4 
5826 4 4 4 4 4 4 
5827 4 4 4 4 4 4 
5828 4 4 4 4 4 4 
5829 4 4 4 4 4 4 
5830 4 4 4 4 4 4 
5831 4 4 4 4 4 4 
5832 4 4 4 4 4 4 
5833 4 4 4 4 4 4 
5838 1 1 1 1 1 2 
5839 1 1 1 1 2 1 
5846 4 4 4 4 4 4 
5847 4 4 4 4 4 4 
5848 4 4 4 4 4 4 
5849 4 4 4 4 4 4 
5850 1000004 4 4 4 4 4 
5900 3 3 3 1000003 3 3 
5907 3 3 3 3 3 3 
5908 3 3 3 3 3 3 
5909 3 1 3 3 3 1 
5914 3 3 3 3 3 3 
5917 4 4 4 4 4 4 
5918 4 4 4 4 4 4 
5919 4 4 4 4 4 4 
5920 4 4 4 4 4 4 
5921 4 4 4 4 4 4 
5922 4 4 4 4 4 4 
5923 4 4 4 4 4 4 
5924 4 4 4 4 4 4 
5925 4 4 4 4 4 4 
5926 4 4 4 4 4 4 
5927 4 4 4 4 4 4 
5928 4 4 4 4 4 4 
5929 4 4 4 4 4 4 
5930 4 4 4 4 4 4 
5931 4 4 4 4 4 4 
5932 4 4 4 4 4 4 
5933 4 4 4 4 4 4 
5934 4 4 4 4 4 4 
5935 4 4 4 4 4 4 
5936 4 4 4 4 4 4 
5937 2 1 1 1 1 1 
5938 1 2 2 2 1 1 
5939 3 3 3 3 3 3 
5940 3 3 3 3 3 3 
5941 3 3 3 3 3 3 
5945 4 4 4 4 4 4 
5946 4 4 4 4 4 4 
5947 4 4 4 4 4 4 
5948 4 4 4 4 4 4 
5949 4 4 4 4 4 4 
5950 1000004 1000004 4 4 4 1000004 
6000 3 3 1000003 1000003 1000003 3 
6001 3 3 3 3 3 3 
6005 3 3 3 3 3 3 
6006 3 3 3 3 3 3 
6009 3 3 3 3 3 3 
6010 3 3 1 3 1 3 
6016 4 4 4 4 4 4 
6017 4 4 4 4 4 4 
6018 4 4 4 4 4 4 
6019 4 4 4 4 4 4 
6020 4 4 4 4 4 4 
6021 4 4 4 4 4 4 
6022 4 4 4 4 4 4 
6023 4 4 4 4 4 4 
6024 4 4 4 4 4 4 
6025 4 4 4 4 4 4 
6026 4 4 4 4 4 4 
6027 4 4 4 4 4 4 
6028 4 4 4 4 4 4 
6029 4 4 4 4 4 4 
6030 4 4 4 4 4 4 
6031 4 4 4 4 4 4 
6032 4 4 4 4 4 4 
6033 4 4 4 4 4 4 
6034 4 4 4 4 4 4 
6035 4 4 4 4 4 4 
6036 4 4 4 4 4 4 
6039 3 3 3 3 3 3 
6040 3 3 3 3 3 3 
6042 3 3 3 3 3 3 
6045 4 4 4 4 4 4 
6046 4 4 4 4 4 4 
6047 4 4 4 4 4 4 
6048 4 4 4 4 4 4 
6049 4 4 4 4 4 4 
6050 1000004 4 4 4 4 4 
6100 3 3 3 1000003 3 3 
6102 3 3 3 3 3 3 
6105 3 3 3 3 3 3 
6111 3 3 3 3 3 3 
6114 4 4 4 4 4 4 
6115 4 4 4 4 4 4 
6116 4 4 4 4 4 4 
6117 4 4 4 4 4 4 
6118 4 4 4 4 4 4 
6119 4 4 4 4 4 4 
6120 4 4 4 4 4 4 
6121 4 4 4 4 4 4 
6122 4 4 4 4 4 4 
6123 4 4 4 4 4 4 
6124 4 4 4 4 4 4 
6125 4 4 4 4 4 4 
6126 4 4 4 4 4 4 
6127 4 4 4 4 4 4 
6128 4 4 4 4 4 4 
6129 4 4 4 4 4 4 
6130 4 4 4 4 4 4 
6131 4 4 4 4 4 4 
6132 4 4 4 4 4 4 
6133 4 4 4 4 4 4 
6134 4 4 4 4 4 4 
6135 4 4 4 4 4 4 
6139 3 3 3 3 3 3 
6140 3 3 3 3 3 3 
6144 4 4 4 4 4 4 
6145 4 4 4 4 4 4 
6146 4 4 4 4 4 4 
6147 4 4 4 4 4 4 
6148 4 4 4 4 4 4 
6149 4 4 4 4 4 4 
6150 1000004 1000004 4 4 4 1000004 
6200 1 1 1000001 1000001 1000001 1 
6209 3 3 3 3 3 3 
6210 3 3 3 3 3 3 
6211 3 3 3 3 3 3 
6212 4 4 4 4 4 4 
6213 4 4 4 4 4 4 
6214 4 4 4 4 4 4 
6215 4 4 4 4 4 4 
6216 4 4 4 4 4 4 
6217 4 4 4 4 4 4 
6218 4 4 4 4 4 4 
6219 4 4 4 4 4 4 
6220 4 4 4 4 4 4 
6221 4 4 4 4 4 4 
6222 4 4 4 4 4 4 
6223 4 4 4 4 4 4 
6224 4 4 4 4 4 4 
6225 4 4 4 4 4 4 
6226 4 4 4 4 4 4 
6227 4 4 4 4 4 4 
6228 4 4 4 4 4 4 
6229 4 4 4 4 4 4 
6230 4 4 4 4 4 4 
6231 4 4 4 4 4 4 
6232 4 4 4 4 4 4 
6233 4 4 4 4 4 4 
6234 4 4 4 4 4 4 
6235 4 4 4 4 4 4 
6236 4 4 4 4 4 4 
6238 4 4 4 4 4 4 
6239 4 4 4 4 4 4 
6240 4 4 4 4 4 4 
6243 4 4 4 4 4 4 
6244 4 4 4 4 4 4 
6245 4 4 4 4 4 4 
6246 4 4 4 4 4 4 
6247 4 4 4 4 4 4 
6248 4 4 4 4 4 4 
6249 4 4 4 4 4 4 
6250 1000004 4 4 4 4 4 
6300 3 3 3 1000003 3 3 
6301 3 3 3 3 3 3 
6302 3 3 3 3 3 3 
6304 3 3 3 3 3 3 
6305 3 3 3 3 3 3 
6306 3 3 3 3 3 3 
6307 3 3 3 3 3 3 
6308 3 3 3 3 3 3 
6309 3 3 3 3 3 3 
6310 3 3 3 3 3 3 
6311 3 3 3 3 3 3 
6312 4 4 4 4 4 4 
6313 4 4 4 4 4 4 
6314 4 4 4 4 4 4 
6315 4 4 4 4 4 4 
6316 4 4 4 4 4 4 
6317 4 4 4 4 4 4 
6318 4 4 4 4 4 4 
6319 4 4 4 4 4 4 
6320 4 4 4 4 4 4 
6321 4 4 4 4 4 4 
6322 4 4 4 4 4 4 
6323 4 4 4 4 4 4 
6324 4 4 4 4 4 4 
6325 4 4 4 4 4 4 
6326 4 4 4 4 4 4 
6327 4 4 4 4 4 4 
6328 4 4 4 4 4 4 
6329 4 4 4 4 4 4 
6330 4 4 4 4 4 4 
6331 4 4 4 4 4 4 
6332 4 4 4 4 4 4 
6333 4 4 4 4 4 4 
6334 4 4 4 4 4 4 
6335 4 4 4 4 4 4 
6336 4 4 4 4 4 4 
6337 4 4 4 4 4 4 
6338 4 4 4 4 4 4 
6339 4 4 4 4 4 4 
6340 4 4 4 4 4 4 
6341 4 4 4 4 4 4 
6342 4 4 4 4 4 4 
6343 4 4 4 4 4 4 
6344 4 4 4 4 4 4 
6345 4 4 4 4 4 4 
6346 4 4 4 4 4 4 
6347 4 4 4 4 4 4 
6348 4 4 4 4 4 4 
6349 4 4 4 4 4 4 
6350 1000004 1000004 4 4 4 1000004 
6400 3 3 1000003 1000003 1000003 3 
6401 3 3 3 3 3 3 
6402 3 3 3 3 3 3 
6405 3 3 3 3 3 3 
6406 3 3 3 3 3 3 
6407 3 3 3 3 3 3 
6408 3 3 3 3 3 3 
6409 3 3 3 3 3 3 
6410 4 4 4 4 4 4 
6411 4 4 4 4 4 4 
6412 4 4 4 4 4 4 
6413 4 4 4 4 4 4 
6414 4 4 4 4 4 4 
6415 4 4 4 4 4 4 
6416 4 4 4 4 4 4 
6417 4 4 4 4 4 4 
6418 4 4 4 4 4 4 
6419 4 4 4 4 4 4 
6420 4 4 4 4 4 4 
6421 4 4 4 4 4 4 
6422 4 4 4 4 4 4 
6423 4 4 4 4 4 4 
6424 4 4 4 4 4 4 
6425 4 4 4 4 4 4 
6426 4 4 4 4 4 4 
6427 4 4 4 4 4 4 
6428 4 4 4 4 4 4 
6429 4 4 4 4 4 4 
6430 4 4 4 4 4 4 
6431 4 4 4 4 4 4 
6432 4 4 4 4 4 4 
6433 4 4 4 4 4 4 
6434 4 4 4 4 4 4 
6435 4 4 4 4 4 4 
6436 4 4 4 4 4 4 
6437 4 4 4 4 4 4 
6438 4 4 4 4 4 4 
6439 4 4 4 4 4 4 
6440 4 4 4 4 4 4 
6441 4 4 4 4 4 4 
6442 4 4 4 4 4 4 
6443 4 4 4 4 4 4 
6444 4 4 4 4 4 4 
6445 4 4 4 4 4 4 
6446 4 4 4 4 4 4 
6447 4 4 4 4 4 4 
6448 4 4 4 4 4 4 
6449 4 4 4 4 4 4 
6450 1000004 4 4 4 4 4 
6500 3 3 3 1000003 1000003 1000003 
6501 3 3 3 3 1000003 1000003 
6502 3 3 3 3 1000003 1000003 
6503 3 3 3 3 1000003 1000003 
6504 3 3 3 3 1000003 1000003 
6505 3 3 3 3 1000003 1000003 
6506 1 1 1 1 1000001 1000001 
6507 1 1 1 1 1000001 1000001 
6508 1 1 1 1 1000001 1000001 
6509 1 1 1 1 1000001 1000001 
6510 1 1 1 1 1000001 1000001 
6511 1 1 1 1 1000001 1000001 
6512 1 1 1 1 1000001 1000001 
6513 1 1 1 1 1000001 1000001 
6514 1 1 1 1 1000001 1000001 
6515 1 1 1 1 1000001 1000001 
6516 4 4 4 4 1000004 1000004 
6517 3 3 3 3 1000003 1000003 
6518 3 3 3 3 1000003 1000003 
6519 3 3 3 3 1000003 1000003 
6520 3 3 3 3 1000003 1000003 
6521 1 1 1 1 1000001 1000001 
6522 4 4 4 4 1000004 1000004 
6523 4 4 4 4 1000004 1000004 
6524 4 4 4 4 1000004 1000004 
6525 4 4 4 4 1000004 1000004 
6526 4 4 4 4 1000004 1000004 
6527 4 4 4 4 1000004 1000004 
6528 4 4 4 4 1000004 1000004 
6529 1 1 1 1 1000001 1000001 
6530 4 4 4 4 1000004 1000004 
6531 4 4 4 4 1000004 1000004 
6532 4 4 4 4 1000004 1000004 
6533 4 4 4 4 1000004 1000004 
6534 4 4 4 4 1000004 1000004 
6535 4 4 4 4 1000004 1000004 
6536 4 4 4 4 1000004 1000004 
6537 4 4 4 4 1000004 1000004 
6538 4 4 4 4 1000004 1000004 
6539 4 4 4 4 1000004 1000004 
6540 4 4 4 4 1000004 1000004 
6541 4 4 4 4 1000004 1000004 
6542 4 4 4 4 1000004 1000004 
6543 4 4 4 4 1000004 1000004 
6544 4 4 4 4 1000004 1000004 
6545 4 4 4 4 1000004 1000004 
6546 4 4 4 4 1000004 1000004 
6547 4 4 4 4 1000004 1000004 
6548 4 4 4 4 1000004 1000004 
6549 4 4 4 4 1000004 1000004 
6550 1000004 1000004 4 4 1000004 1000004 
