_des_num = 1, arm_level = 1
0.244181 0.312722 0.357667 0.413729 0.486083 0.655347 0.839299 0.864972 0.900618 0.919382 
0.343049 0.401833 0.444778 0.495285 0.554285 0.706354 0.869479 0.890417 0.919257 0.934847 
0.465132 0.513417 0.549868 0.595458 0.646597 0.766139 0.906937 0.921826 0.941424 0.952576 
0.566264 0.606708 0.640417 0.672549 0.717562 0.819806 0.937889 0.948139 0.961750 0.969257 
0.650896 0.687007 0.711139 0.744069 0.777854 0.862708 0.963035 0.968972 0.976618 0.981611 
0.723986 0.752792 0.776000 0.798424 0.827944 0.899604 0.981757 0.984444 0.988563 0.990583 
0.782563 0.807451 0.825785 0.846806 0.869778 0.926660 0.993722 0.994854 0.996035 0.996951 
0.828965 0.849847 0.863889 0.880847 0.899556 0.945326 1.000000 1.000000 1.000000 1.000000 
0.861826 0.879458 0.891000 0.902618 0.918847 0.955750 1.000000 1.000000 1.000000 1.000000 
0.901326 0.913042 0.921889 0.930868 0.941243 0.967944 1.000000 1.000000 1.000000 1.000000 
0.934215 0.941715 0.947132 0.953958 0.962049 0.979590 1.000000 1.000000 1.000000 1.000000 
_des_num = 1, arm_level = 2
0.059083 0.136604 0.185785 0.244514 0.326944 0.522451 0.725819 0.765799 0.819618 0.856889 
0.102431 0.178639 0.230542 0.290653 0.374465 0.569347 0.778611 0.811347 0.857563 0.888354 
0.161944 0.237403 0.288250 0.344938 0.425326 0.612618 0.815083 0.843236 0.883500 0.908271 
0.245035 0.314250 0.358368 0.408590 0.485549 0.652639 0.838910 0.865514 0.898806 0.920285 
0.349000 0.407868 0.450313 0.495500 0.562299 0.705104 0.869951 0.890785 0.918819 0.936069 
0.480229 0.533896 0.567000 0.602576 0.655007 0.775000 0.906750 0.922771 0.941354 0.954875 
0.604049 0.639687 0.668083 0.699208 0.740347 0.829986 0.938715 0.947986 0.961604 0.969819 
0.709257 0.740993 0.759681 0.780618 0.812007 0.882278 0.963021 0.968889 0.976708 0.982049 
0.800931 0.822507 0.838160 0.853181 0.876104 0.924410 0.981590 0.984528 0.988549 0.990903 
0.881049 0.894729 0.905035 0.913597 0.927660 0.958250 0.993833 0.994792 0.996306 0.996903 
0.934750 0.942583 0.947562 0.954083 0.960889 0.979472 1.000000 1.000000 1.000000 1.000000 
_des_num = 1, arm_level = 3
0.029792 0.091271 0.135896 0.179625 0.249576 0.416222 0.585014 0.629687 0.693861 0.736993 
0.035187 0.104167 0.154958 0.204833 0.286056 0.469806 0.662299 0.707590 0.766521 0.805000 
0.038604 0.114417 0.171583 0.226250 0.313188 0.510729 0.721194 0.762750 0.819139 0.852319 
0.061604 0.140840 0.200125 0.256660 0.343444 0.548583 0.765125 0.800007 0.850333 0.879903 
0.101847 0.180979 0.237639 0.295368 0.382035 0.580611 0.795694 0.829208 0.872625 0.897660 
0.168771 0.241965 0.295979 0.349049 0.430979 0.614639 0.815069 0.844014 0.884194 0.908326 
0.260160 0.328090 0.375194 0.422736 0.496063 0.659674 0.838243 0.864292 0.900799 0.920410 
0.386514 0.438840 0.478049 0.519813 0.579528 0.720250 0.868687 0.891625 0.918625 0.934882 
0.530278 0.571326 0.608306 0.634069 0.681361 0.790556 0.907632 0.921674 0.942292 0.953931 
0.660778 0.694937 0.719500 0.741924 0.774243 0.850257 0.937201 0.948028 0.961437 0.969507 
0.780250 0.800785 0.819083 0.833382 0.856958 0.903701 0.962382 0.969597 0.977187 0.981868 
_des_num = 1, arm_level = 4
0.016958 0.053229 0.077063 0.104417 0.150028 0.260757 0.365389 0.406479 0.474958 0.524937 
0.024729 0.074021 0.108333 0.146896 0.205368 0.345361 0.485333 0.526722 0.596965 0.641736 
0.030771 0.091917 0.133354 0.180667 0.251035 0.416826 0.585701 0.628896 0.692208 0.735118 
0.034938 0.105396 0.155729 0.209354 0.288458 0.471278 0.662750 0.704194 0.765674 0.804028 
0.058910 0.134132 0.187944 0.245910 0.330396 0.522889 0.729542 0.766882 0.821889 0.854819 
0.104986 0.184451 0.238507 0.296576 0.381972 0.570056 0.778472 0.810146 0.857306 0.885660 
0.181778 0.253507 0.306201 0.361354 0.442417 0.617000 0.814542 0.842660 0.883882 0.907424 
0.282257 0.345826 0.390139 0.442493 0.511007 0.664993 0.839924 0.863382 0.898632 0.919410 
0.409139 0.461097 0.500729 0.540868 0.594243 0.725292 0.870736 0.889951 0.918340 0.935389 
0.557833 0.604424 0.628694 0.659597 0.703812 0.797771 0.907083 0.921694 0.942083 0.954083 
0.702167 0.730111 0.747833 0.768507 0.799438 0.863632 0.937896 0.947958 0.960701 0.969562 
_des_num = 1, arm_level = 5
0.001083 0.003208 0.005000 0.007083 0.014840 0.045549 0.058771 0.086243 0.122361 0.165646 
0.003729 0.010417 0.016167 0.020771 0.036250 0.081965 0.110840 0.146882 0.197632 0.249653 
0.006771 0.021479 0.030729 0.042000 0.064236 0.134167 0.182111 0.231597 0.297306 0.359229 
0.012125 0.032708 0.053771 0.069917 0.103646 0.195229 0.268576 0.325278 0.406590 0.461062 
0.017083 0.051833 0.079437 0.106271 0.152146 0.267576 0.371375 0.429389 0.512090 0.571299 
0.045812 0.091292 0.126979 0.160750 0.217236 0.367000 0.501132 0.550583 0.627507 0.678549 
0.097500 0.150604 0.194264 0.235083 0.299382 0.456153 0.607319 0.654951 0.719535 0.766875 
0.177833 0.232160 0.275687 0.317896 0.385424 0.542181 0.701674 0.742076 0.797583 0.837278 
0.280306 0.331042 0.378292 0.419396 0.478604 0.630090 0.781326 0.813187 0.856833 0.883646 
0.407639 0.457944 0.496868 0.529590 0.585715 0.714292 0.852174 0.874917 0.906250 0.923264 
0.559792 0.596472 0.627229 0.657104 0.699722 0.800403 0.907431 0.922375 0.942146 0.955951 
_des_num = 2, arm_level = 1
0.242278 0.313049 0.359028 0.408278 0.493188 0.704424 0.910535 0.975486 1.064056 1.152882 
0.345674 0.400764 0.446646 0.492174 0.570083 0.769299 0.948396 1.030340 1.139076 1.229368 
0.464271 0.516049 0.553167 0.592840 0.659694 0.842993 0.993528 1.093458 1.224500 1.319667 
0.565257 0.608354 0.637201 0.670306 0.734722 0.906597 1.032236 1.145056 1.298542 1.402132 
0.653250 0.693465 0.720049 0.751021 0.811681 0.979257 1.088958 1.209403 1.372340 1.473285 
0.728014 0.765806 0.795951 0.822986 0.886813 1.054236 1.162493 1.282750 1.448806 1.545299 
0.819507 0.860472 0.886174 0.918049 0.981271 1.140174 1.250375 1.362882 1.523951 1.615368 
0.923639 0.968083 0.995618 1.026556 1.088750 1.245132 1.359167 1.462889 1.597278 1.679056 
1.044854 1.082833 1.119826 1.149958 1.210160 1.360181 1.481389 1.570389 1.675139 1.743000 
1.200326 1.243313 1.274417 1.308604 1.363611 1.504368 1.625278 1.686194 1.768111 1.812861 
1.364167 1.409306 1.441465 1.469243 1.521062 1.643007 1.751250 1.791333 1.846861 1.875389 
_des_num = 2, arm_level = 2
0.057410 0.131569 0.187993 0.245347 0.326688 0.549361 0.785271 0.824424 0.881806 0.971764 
0.101014 0.175069 0.235514 0.293167 0.375174 0.603313 0.838326 0.881069 0.943354 1.031125 
0.161444 0.236847 0.289556 0.347681 0.429889 0.654701 0.881667 0.930757 1.001576 1.094986 
0.239368 0.307972 0.364931 0.411278 0.493132 0.705903 0.914035 0.974056 1.057757 1.154354 
0.351750 0.412861 0.457708 0.507826 0.583785 0.786826 0.978354 1.046944 1.145500 1.244556 
0.486264 0.539771 0.591903 0.633389 0.705306 0.901861 1.071917 1.154104 1.264632 1.360201 
0.637882 0.690882 0.730215 0.773271 0.844569 1.025500 1.184653 1.268458 1.385611 1.475889 
0.802104 0.850125 0.891312 0.927965 0.995160 1.173319 1.312486 1.394042 1.511056 1.587083 
0.980472 1.033514 1.060264 1.105021 1.165493 1.321042 1.460556 1.532604 1.631375 1.690535 
1.179986 1.219500 1.251972 1.296368 1.353382 1.495021 1.624472 1.677563 1.750340 1.804181 
1.368799 1.405417 1.439910 1.468361 1.517069 1.637188 1.752667 1.791361 1.838917 1.874694 
_des_num = 2, arm_level = 3
0.031625 0.088250 0.136979 0.181417 0.247306 0.439924 0.626847 0.671653 0.734326 0.816861 
0.036062 0.104021 0.158667 0.208417 0.286674 0.496847 0.710819 0.753424 0.815431 0.896632 
0.040042 0.114083 0.173646 0.231229 0.311819 0.538431 0.772056 0.812396 0.868479 0.953604 
0.061424 0.139819 0.200507 0.260931 0.343562 0.580146 0.821438 0.860736 0.916750 1.001243 
0.102299 0.178063 0.240882 0.300576 0.382514 0.618653 0.855951 0.899889 0.959757 1.048097 
0.170958 0.243201 0.301208 0.364639 0.446375 0.676764 0.903521 0.952194 1.020042 1.105674 
0.295639 0.366201 0.418028 0.469972 0.551986 0.771479 0.984062 1.033542 1.109840 1.189243 
0.475382 0.529264 0.585090 0.635306 0.702639 0.900264 1.098368 1.153340 1.229417 1.301167 
0.704243 0.758847 0.799000 0.842069 0.904681 1.078007 1.240396 1.297771 1.379083 1.449882 
0.946611 0.992757 1.026868 1.063597 1.118403 1.266424 1.406354 1.457715 1.525701 1.586861 
1.210049 1.243896 1.279535 1.310361 1.351174 1.477806 1.580868 1.624389 1.686785 1.725535 
_des_num = 2, arm_level = 4
0.017500 0.050417 0.078396 0.103333 0.148444 0.269771 0.386167 0.430806 0.499458 0.565417 
0.024646 0.075333 0.107938 0.145229 0.201868 0.359840 0.513958 0.560660 0.625563 0.703153 
0.030458 0.091438 0.133771 0.180083 0.246646 0.437924 0.622632 0.668097 0.732792 0.815840 
0.034729 0.104542 0.154167 0.208187 0.283181 0.492896 0.708194 0.752194 0.811590 0.894333 
0.058042 0.133750 0.186507 0.245181 0.325757 0.547924 0.780236 0.822306 0.883826 0.965347 
0.106792 0.189229 0.246299 0.305819 0.390299 0.618368 0.859493 0.900840 0.958549 1.040993 
0.182903 0.267222 0.324847 0.389056 0.474826 0.706750 0.954153 0.992021 1.050833 1.126569 
0.290882 0.373104 0.434688 0.493861 0.587118 0.812951 1.060451 1.097931 1.154194 1.224896 
0.423368 0.502417 0.571910 0.630576 0.715674 0.949271 1.194007 1.234000 1.289125 1.354868 
0.585708 0.669674 0.731014 0.800181 0.886708 1.115299 1.365778 1.406347 1.450764 1.505500 
0.732694 0.823812 0.892576 0.963389 1.056563 1.295576 1.551507 1.576632 1.620722 1.654507 
_des_num = 2, arm_level = 5
0.001125 0.003396 0.005667 0.007208 0.015424 0.044056 0.060014 0.088444 0.128076 0.165389 
0.003354 0.010625 0.015021 0.020417 0.036069 0.084111 0.116812 0.152444 0.206375 0.260000 
0.007500 0.020563 0.031833 0.041813 0.067493 0.140410 0.190361 0.236826 0.307285 0.375639 
0.012000 0.033646 0.051750 0.068958 0.104083 0.204639 0.281368 0.339715 0.418708 0.493556 
0.018312 0.051500 0.079271 0.104479 0.152194 0.276681 0.391674 0.450806 0.533319 0.619236 
0.046208 0.090424 0.127757 0.161340 0.224382 0.379937 0.530500 0.585451 0.670861 0.756896 
0.100472 0.151882 0.199472 0.241486 0.315208 0.497708 0.673819 0.723750 0.812535 0.898007 
0.180708 0.247688 0.299215 0.346694 0.426792 0.625104 0.834486 0.879604 0.959021 1.039910 
0.291729 0.364590 0.422340 0.475833 0.565521 0.779292 0.996771 1.039653 1.111083 1.182243 
0.426542 0.498424 0.566986 0.620507 0.716556 0.936931 1.177708 1.217569 1.278535 1.340792 
0.582583 0.666833 0.737313 0.793708 0.892229 1.117625 1.368688 1.399222 1.452222 1.512451 
_des_num = 3, arm_level = 1
0.243590 0.309403 0.361812 0.411875 0.493389 0.711493 0.924958 0.987056 1.082333 1.189014 
0.342236 0.404000 0.450750 0.494431 0.568208 0.779639 0.973521 1.047819 1.163076 1.283271 
0.460604 0.515993 0.556465 0.588299 0.660854 0.860069 1.026715 1.121813 1.261868 1.387431 
0.561500 0.608361 0.640903 0.670569 0.737507 0.926243 1.073389 1.181271 1.341938 1.485049 
0.650854 0.690590 0.719757 0.748278 0.812340 1.001812 1.134931 1.258958 1.433472 1.583813 
0.727889 0.766062 0.796028 0.824736 0.891472 1.081611 1.216590 1.344910 1.531951 1.690903 
0.818431 0.864910 0.896771 0.925181 0.996132 1.197799 1.332319 1.469257 1.662326 1.816097 
0.927354 0.978368 1.021062 1.055104 1.132035 1.344215 1.498583 1.632694 1.811278 1.954278 
1.052312 1.117924 1.168299 1.211507 1.302229 1.518799 1.702333 1.823111 1.986667 2.117250 
1.208653 1.285757 1.348271 1.401326 1.498333 1.749347 1.961167 2.064000 2.213111 2.312611 
1.388625 1.483167 1.544812 1.611382 1.718722 1.974181 2.214806 2.300444 2.418028 2.498278 
_des_num = 3, arm_level = 2
0.056458 0.132958 0.190125 0.244882 0.330417 0.547847 0.780889 0.822549 0.885889 0.974111 
0.099562 0.176437 0.237396 0.293069 0.378563 0.598736 0.840847 0.886000 0.950507 1.042146 
0.160215 0.235153 0.293528 0.347486 0.432389 0.654431 0.887979 0.940250 1.013688 1.111382 
0.237361 0.309403 0.362708 0.413507 0.494375 0.708618 0.924542 0.988792 1.082340 1.186444 
0.347257 0.413694 0.462750 0.506986 0.584819 0.796167 0.996938 1.077438 1.186715 1.305854 
0.488465 0.543174 0.587792 0.634382 0.709958 0.918465 1.108326 1.198292 1.335250 1.456965 
0.639556 0.697458 0.740167 0.781979 0.860389 1.067569 1.252132 1.361542 1.514042 1.647632 
0.805819 0.870188 0.912764 0.959743 1.042722 1.259715 1.448875 1.552736 1.716361 1.847979 
0.990403 1.060681 1.110146 1.160424 1.253826 1.475951 1.682451 1.785521 1.944097 2.061368 
1.195382 1.265299 1.327236 1.394208 1.480778 1.733972 1.955104 2.048306 2.190799 2.294590 
1.387701 1.476715 1.546451 1.607326 1.712132 1.965639 2.216306 2.298389 2.417861 2.490028 
_des_num = 3, arm_level = 3
0.030396 0.090542 0.131896 0.180854 0.247222 0.435035 0.625840 0.668687 0.732701 0.817146 
0.035521 0.105625 0.154771 0.205313 0.282840 0.493424 0.710028 0.751431 0.812486 0.900667 
0.038958 0.115479 0.170042 0.227500 0.310764 0.534111 0.769639 0.811160 0.869868 0.956757 
0.061007 0.141590 0.197333 0.257965 0.342021 0.574965 0.822243 0.860382 0.916465 1.004944 
0.103556 0.181243 0.237396 0.297569 0.381958 0.615993 0.862215 0.904083 0.963847 1.057826 
0.168542 0.248562 0.297778 0.363458 0.445868 0.674965 0.914931 0.966340 1.038417 1.135771 
0.296806 0.367340 0.418708 0.477236 0.563104 0.794771 1.029208 1.093312 1.173792 1.275167 
0.469757 0.547368 0.600951 0.659687 0.744222 0.982285 1.203285 1.267229 1.364125 1.462597 
0.720076 0.784743 0.838431 0.893972 0.986153 1.210542 1.440438 1.512167 1.615528 1.711639 
0.961958 1.044424 1.101500 1.165340 1.246104 1.484438 1.719167 1.790854 1.885014 1.982632 
1.229076 1.320042 1.375944 1.440625 1.538222 1.777125 2.031097 2.088257 2.183868 2.263187 
_des_num = 3, arm_level = 4
0.017375 0.052521 0.076667 0.104521 0.149264 0.270035 0.384861 0.433833 0.493507 0.564438 
0.024708 0.071896 0.106896 0.145083 0.205250 0.361514 0.514785 0.566667 0.626743 0.704375 
0.030604 0.091375 0.132604 0.180042 0.249833 0.437389 0.623722 0.671278 0.734069 0.814653 
0.034625 0.103667 0.152479 0.206896 0.286847 0.492736 0.710000 0.754708 0.811396 0.895396 
0.058472 0.131472 0.185417 0.244326 0.329535 0.550264 0.780771 0.824917 0.884556 0.971187 
0.108292 0.186861 0.243743 0.305458 0.395417 0.624472 0.864431 0.912514 0.974938 1.063771 
0.187292 0.265535 0.324806 0.388472 0.483514 0.721285 0.962493 1.017771 1.089632 1.185722 
0.290646 0.379063 0.430319 0.494312 0.589708 0.835674 1.081278 1.148417 1.233792 1.326569 
0.424694 0.507583 0.564493 0.631840 0.731215 0.987681 1.233972 1.306507 1.421167 1.520243 
0.584201 0.673354 0.733028 0.799292 0.899236 1.174187 1.417653 1.522236 1.653451 1.750618 
0.731826 0.825000 0.885021 0.958708 1.080285 1.358861 1.621604 1.740799 1.895389 2.001472 
_des_num = 3, arm_level = 5
0.001146 0.003729 0.004792 0.006604 0.014444 0.045674 0.058854 0.087299 0.125125 0.162611 
0.003187 0.010896 0.015625 0.021292 0.036646 0.085590 0.113681 0.153194 0.205500 0.257736 
0.006958 0.020875 0.031250 0.043187 0.063354 0.139354 0.191972 0.237417 0.307299 0.370583 
0.012937 0.036000 0.051104 0.069854 0.101778 0.205528 0.285278 0.338403 0.417528 0.494396 
0.017937 0.052250 0.076729 0.103667 0.151021 0.282167 0.396285 0.450910 0.534687 0.615410 
0.045208 0.091417 0.126271 0.162111 0.219521 0.383056 0.526757 0.587944 0.670944 0.759396 
0.099736 0.160382 0.196708 0.243764 0.311819 0.500882 0.680625 0.742958 0.824986 0.916889 
0.181979 0.247021 0.296035 0.346042 0.425167 0.638208 0.845035 0.908611 1.000444 1.093319 
0.284750 0.364208 0.415389 0.480132 0.564625 0.792049 1.021667 1.087618 1.189049 1.287250 
0.422646 0.501917 0.564250 0.627160 0.722465 0.971174 1.213069 1.295028 1.413382 1.508201 
0.580250 0.667250 0.731431 0.793979 0.899701 1.163389 1.424736 1.512757 1.657507 1.760819 
_des_num = 4, arm_level = 1
0.241910 0.312396 0.358604 0.410986 0.491958 0.708604 0.925486 0.988201 1.076722 1.188556 
0.345097 0.404340 0.445521 0.492042 0.570382 0.776806 0.972910 1.047181 1.160507 1.279931 
0.465569 0.513632 0.550924 0.587521 0.665743 0.859368 1.028660 1.121611 1.252299 1.392569 
0.563194 0.608799 0.637806 0.669486 0.738396 0.925118 1.075257 1.182278 1.334028 1.483778 
0.651618 0.692646 0.718493 0.748938 0.814125 1.003424 1.140090 1.259014 1.427146 1.586799 
0.727972 0.768563 0.795542 0.827944 0.892111 1.084646 1.222097 1.351750 1.533215 1.693278 
0.818604 0.862174 0.892604 0.924569 1.000444 1.202604 1.347687 1.480764 1.676764 1.843063 
0.925097 0.978118 1.020549 1.055063 1.133194 1.353465 1.519278 1.654917 1.854528 2.022694 
1.050208 1.115521 1.162903 1.205750 1.302625 1.546090 1.740750 1.869083 2.072222 2.233083 
1.209563 1.287104 1.338993 1.395625 1.509493 1.782826 2.017306 2.154889 2.343500 2.497306 
1.386771 1.486715 1.546931 1.610056 1.734639 2.013097 2.285194 2.420139 2.613417 2.758944 
_des_num = 4, arm_level = 2
0.057069 0.130972 0.189389 0.242861 0.324160 0.549340 0.776972 0.821986 0.883958 0.972715 
0.101486 0.174750 0.233528 0.290458 0.372917 0.602854 0.839389 0.885222 0.948187 1.039549 
0.161097 0.233944 0.291181 0.347840 0.428729 0.657035 0.885639 0.942132 1.011264 1.111458 
0.240833 0.307632 0.359215 0.412382 0.491382 0.710833 0.923431 0.988701 1.078896 1.184389 
0.349854 0.410299 0.459333 0.510111 0.584438 0.798806 0.995660 1.076569 1.187264 1.308139 
0.488868 0.547243 0.587014 0.630639 0.704896 0.923826 1.108479 1.206937 1.341104 1.474007 
0.637750 0.699924 0.739986 0.782097 0.862625 1.085743 1.265243 1.372056 1.533292 1.669500 
0.808451 0.861903 0.910312 0.954049 1.038389 1.278785 1.467694 1.582979 1.750958 1.911444 
0.986764 1.052833 1.107653 1.165889 1.247986 1.504292 1.705493 1.838965 2.018493 2.170236 
1.189674 1.268222 1.327722 1.383056 1.492826 1.774965 1.998660 2.139403 2.330646 2.479924 
1.389833 1.483035 1.548368 1.611785 1.714160 2.015951 2.283333 2.425556 2.613528 2.759389 
_des_num = 4, arm_level = 3
0.029750 0.090750 0.134479 0.181792 0.251368 0.439417 0.624208 0.671382 0.731313 0.818361 
0.035292 0.105688 0.156958 0.209542 0.288326 0.493569 0.712806 0.752882 0.814028 0.901014 
0.038958 0.115750 0.172292 0.230625 0.313924 0.539278 0.772479 0.815826 0.869125 0.955250 
0.060326 0.142063 0.199826 0.260229 0.347965 0.576465 0.822903 0.863917 0.916757 1.005910 
0.101861 0.182278 0.239250 0.301694 0.389271 0.618583 0.861528 0.906347 0.963632 1.058236 
0.170826 0.245743 0.301792 0.361868 0.447236 0.677243 0.917806 0.973160 1.041764 1.143229 
0.292583 0.374576 0.430854 0.482618 0.570306 0.803597 1.029826 1.097312 1.188687 1.294576 
0.475618 0.545431 0.605972 0.663181 0.750229 0.993708 1.222625 1.293271 1.404785 1.522368 
0.714340 0.785354 0.836653 0.900250 0.990986 1.234222 1.461694 1.565847 1.702924 1.827549 
0.961764 1.040160 1.103438 1.165146 1.256694 1.516639 1.755431 1.869083 2.012875 2.140167 
1.233042 1.319722 1.377090 1.447403 1.554854 1.832257 2.088958 2.209653 2.386604 2.516229 
_des_num = 4, arm_level = 4
0.017313 0.053729 0.077646 0.103875 0.148063 0.272361 0.384611 0.433521 0.497958 0.564486 
0.024083 0.073792 0.111250 0.145771 0.204576 0.359014 0.516507 0.566014 0.631632 0.701014 
0.029854 0.090333 0.137604 0.180875 0.248062 0.436653 0.623299 0.673694 0.734153 0.814354 
0.034854 0.104521 0.157604 0.209437 0.283694 0.491785 0.705431 0.755139 0.815403 0.892743 
0.060056 0.133687 0.190708 0.243528 0.327090 0.550028 0.782465 0.829153 0.890451 0.970382 
0.107000 0.187597 0.250715 0.306958 0.392257 0.625611 0.868410 0.916743 0.982944 1.064604 
0.185903 0.267924 0.329785 0.389083 0.477083 0.721736 0.973410 1.028188 1.103333 1.193035 
0.292174 0.374188 0.438250 0.494194 0.588799 0.839090 1.092319 1.158646 1.252097 1.352521 
0.420243 0.513132 0.568132 0.631618 0.727090 0.997257 1.246285 1.335882 1.438049 1.550618 
0.584812 0.669757 0.740181 0.800188 0.903375 1.185778 1.445590 1.550340 1.685826 1.804917 
0.731924 0.828819 0.894750 0.965792 1.071771 1.379222 1.654993 1.774757 1.937146 2.053903 
_des_num = 4, arm_level = 5
0.001000 0.003375 0.005083 0.007292 0.015062 0.043861 0.059924 0.089194 0.125944 0.163653 
0.003417 0.010042 0.016146 0.020396 0.035903 0.083847 0.113937 0.149451 0.206479 0.257549 
0.006646 0.020729 0.032708 0.040146 0.065750 0.140667 0.190104 0.239361 0.308396 0.374590 
0.011833 0.034375 0.052979 0.068771 0.106278 0.199931 0.280521 0.340438 0.418868 0.492618 
0.016292 0.051125 0.078833 0.104229 0.152965 0.285049 0.394083 0.449750 0.532028 0.613736 
0.043736 0.092097 0.131194 0.160951 0.222708 0.384167 0.529326 0.588507 0.671868 0.758181 
0.100215 0.155854 0.199993 0.241431 0.317194 0.502049 0.681972 0.743146 0.828847 0.921785 
0.180764 0.246750 0.297694 0.346597 0.428444 0.632722 0.846743 0.912625 1.010833 1.103993 
0.284764 0.358167 0.421687 0.473368 0.568229 0.801312 1.031014 1.102681 1.205250 1.307521 
0.423938 0.503424 0.567382 0.618375 0.724299 0.982583 1.230104 1.312319 1.427194 1.536972 
0.582514 0.666424 0.734500 0.796243 0.905674 1.181743 1.445424 1.544694 1.680333 1.804972 
_des_num = 5, arm_level = 1
0.242736 0.311493 0.359000 0.417729 0.494306 0.712944 0.925687 0.988931 1.077639 1.182528 
0.345653 0.397958 0.446583 0.495125 0.571944 0.779451 0.974736 1.048083 1.153799 1.278076 
0.460910 0.516590 0.549875 0.591590 0.660965 0.864542 1.030625 1.122736 1.253674 1.385896 
0.564611 0.607201 0.635389 0.672632 0.738319 0.926937 1.076340 1.186868 1.336403 1.478875 
0.652083 0.692729 0.718292 0.750222 0.816299 1.004264 1.138813 1.261937 1.429965 1.580188 
0.726090 0.768764 0.794375 0.825368 0.890708 1.086493 1.223944 1.356326 1.528201 1.689264 
0.819396 0.861354 0.896465 0.929326 0.997493 1.206701 1.351507 1.489437 1.670986 1.834396 
0.930361 0.979965 1.017736 1.057042 1.139708 1.357583 1.530167 1.669500 1.854083 2.019917 
1.055903 1.112292 1.156951 1.207264 1.300146 1.550153 1.750028 1.885722 2.081500 2.240778 
1.211910 1.285521 1.337444 1.403465 1.512417 1.795326 2.029972 2.163472 2.360611 2.521306 
1.394701 1.478771 1.544701 1.606153 1.727188 2.030083 2.300917 2.443639 2.631556 2.800444 
_des_num = 5, arm_level = 2
0.059903 0.131667 0.191903 0.241868 0.332618 0.550597 0.782444 0.822118 0.884160 0.974326 
0.101069 0.177021 0.236326 0.289826 0.379500 0.605646 0.841646 0.886076 0.948319 1.043000 
0.165021 0.235326 0.292056 0.344681 0.433535 0.659243 0.890389 0.941021 1.013986 1.111438 
0.242528 0.309861 0.360382 0.410028 0.494014 0.714382 0.925687 0.986361 1.082021 1.186174 
0.351208 0.409535 0.462514 0.510014 0.586111 0.800444 1.001354 1.077458 1.187806 1.307438 
0.491875 0.544653 0.588028 0.628125 0.711917 0.924201 1.109167 1.200292 1.339715 1.467507 
0.642701 0.699854 0.744097 0.777368 0.863028 1.087167 1.274611 1.370306 1.539083 1.672708 
0.808569 0.864285 0.911924 0.958521 1.043528 1.279479 1.469986 1.595118 1.765035 1.911847 
0.991396 1.055493 1.106757 1.155403 1.256819 1.515375 1.719347 1.847924 2.040417 2.189049 
1.194389 1.272674 1.329542 1.382201 1.493208 1.784993 2.019944 2.150479 2.338701 2.512944 
1.393875 1.476632 1.549354 1.613271 1.729333 2.034826 2.306111 2.443583 2.643139 2.810000 
_des_num = 5, arm_level = 3
0.030375 0.089958 0.133604 0.179958 0.248000 0.437757 0.621931 0.666229 0.730965 0.812333 
0.036146 0.104479 0.153854 0.208604 0.286125 0.495160 0.707660 0.747715 0.810833 0.896903 
0.039563 0.113125 0.170521 0.228417 0.312514 0.537535 0.769583 0.808361 0.867910 0.952111 
0.061812 0.140056 0.197708 0.260097 0.346903 0.580104 0.820257 0.859396 0.915049 1.001160 
0.102743 0.178146 0.238146 0.298486 0.385583 0.619361 0.858701 0.902000 0.963278 1.054062 
0.172382 0.244028 0.300965 0.360090 0.446875 0.679806 0.911167 0.964729 1.039799 1.136493 
0.292500 0.373160 0.422882 0.478444 0.571479 0.803757 1.029007 1.098556 1.190646 1.292181 
0.475111 0.554333 0.605417 0.659694 0.750326 0.992681 1.223174 1.295056 1.406549 1.520632 
0.709847 0.794451 0.839840 0.895312 0.985007 1.243667 1.464431 1.553569 1.701396 1.821229 
0.962396 1.042493 1.097660 1.161132 1.250215 1.531382 1.764389 1.871535 2.030681 2.165778 
1.237424 1.317479 1.379458 1.447458 1.554167 1.852889 2.108681 2.225771 2.396917 2.556986 
_des_num = 5, arm_level = 4
0.017188 0.051958 0.077771 0.107771 0.148625 0.271896 0.386181 0.433271 0.497396 0.563201 
0.025104 0.072792 0.109375 0.147146 0.205319 0.360299 0.515778 0.565785 0.624354 0.708660 
0.030208 0.092667 0.135000 0.182333 0.251028 0.436431 0.625000 0.669708 0.730424 0.813993 
0.035667 0.104667 0.155896 0.209542 0.286389 0.493035 0.711785 0.756611 0.814063 0.897222 
0.058347 0.132910 0.188910 0.246667 0.328778 0.549562 0.780007 0.828743 0.884583 0.972375 
0.110736 0.190424 0.244722 0.305812 0.392875 0.625847 0.867042 0.917639 0.975243 1.068278 
0.189188 0.263542 0.329278 0.391826 0.481340 0.719944 0.967889 1.024340 1.096437 1.196160 
0.292125 0.372681 0.437194 0.497819 0.589424 0.842083 1.086979 1.159486 1.242472 1.349250 
0.426472 0.506493 0.569611 0.637875 0.727785 0.992062 1.256653 1.335604 1.433069 1.552097 
0.584562 0.673299 0.732889 0.804118 0.905208 1.184667 1.451826 1.543111 1.679597 1.802514 
0.736771 0.827174 0.894104 0.966778 1.076278 1.375563 1.660264 1.774139 1.923250 2.067021 
_des_num = 5, arm_level = 5
0.001063 0.003667 0.005292 0.007125 0.014132 0.046021 0.060132 0.086396 0.125264 0.164139 
0.002750 0.010625 0.014937 0.020646 0.034111 0.085444 0.114535 0.151271 0.204764 0.254431 
0.006854 0.020146 0.031854 0.041313 0.067924 0.137882 0.185958 0.237944 0.306819 0.371667 
0.011687 0.036187 0.052042 0.069625 0.103319 0.205160 0.283264 0.341146 0.417535 0.491097 
0.017625 0.051604 0.079146 0.104042 0.151382 0.280639 0.390688 0.450215 0.533056 0.613861 
0.043590 0.092361 0.127576 0.159854 0.220326 0.380312 0.530028 0.588125 0.671514 0.755743 
0.098785 0.156188 0.201049 0.243979 0.315368 0.499806 0.681306 0.743819 0.820264 0.919285 
0.180396 0.246722 0.302785 0.346465 0.424854 0.641944 0.847528 0.906326 1.006299 1.098014 
0.285146 0.364563 0.415597 0.478750 0.561132 0.797965 1.027681 1.101069 1.195146 1.302250 
0.422424 0.506590 0.562500 0.623250 0.724611 0.975806 1.226743 1.307521 1.423639 1.535104 
0.583757 0.675257 0.738264 0.802396 0.896764 1.186562 1.445410 1.543972 1.679806 1.802986 
