_des_num = 1
0.000000 0.000000 0.000000 0.000000 0.007076 0.047090 0.068653 0.104458 0.152104 0.225403 
0.002299 0.007007 0.010861 0.013764 0.027799 0.080604 0.112660 0.160639 0.222174 0.300618 
0.004486 0.014229 0.021035 0.027986 0.049333 0.115875 0.157451 0.218090 0.295993 0.372035 
0.007118 0.021632 0.031764 0.041833 0.069722 0.149958 0.201271 0.270861 0.366347 0.449437 
0.009347 0.028361 0.042250 0.054979 0.091882 0.184778 0.245861 0.326993 0.437188 0.523083 
0.011472 0.034938 0.052132 0.069889 0.111153 0.218819 0.289306 0.382479 0.507812 0.598035 
0.013917 0.042396 0.062715 0.083403 0.132479 0.254021 0.333333 0.438625 0.581438 0.671333 
0.013917 0.042396 0.062715 0.083403 0.132479 0.254021 0.333333 0.438625 0.581438 0.671333 
0.060292 0.098910 0.126236 0.152069 0.208243 0.337042 0.444833 0.533542 0.650729 0.725792 
0.106514 0.153604 0.188812 0.223083 0.283972 0.425035 0.556333 0.624062 0.720500 0.782208 
0.152681 0.210444 0.248278 0.289979 0.356910 0.510660 0.670125 0.718604 0.792854 0.836812 
_des_num = 2
0.000000 0.000000 0.000000 0.000000 0.006917 0.049722 0.067271 0.102944 0.150993 0.220000 
0.002646 0.006785 0.010903 0.014174 0.027201 0.088132 0.120660 0.168396 0.230694 0.310979 
0.004687 0.013868 0.020528 0.028007 0.048500 0.126972 0.172486 0.230986 0.312465 0.405618 
0.007076 0.020806 0.030986 0.041347 0.070382 0.167833 0.224840 0.296868 0.393757 0.498222 
0.009667 0.027403 0.041438 0.055264 0.090667 0.208451 0.278139 0.361493 0.473681 0.591076 
0.012035 0.035083 0.051792 0.068951 0.110958 0.247382 0.330347 0.426778 0.555410 0.681215 
0.014410 0.041444 0.062410 0.082882 0.131535 0.286764 0.384347 0.490431 0.635549 0.772813 
0.014410 0.041444 0.062410 0.082882 0.131535 0.286764 0.384347 0.490431 0.635549 0.772813 
0.060799 0.097514 0.123951 0.150465 0.209903 0.386979 0.504875 0.615340 0.769076 0.902563 
0.107458 0.151861 0.186674 0.221618 0.291528 0.484833 0.626000 0.744840 0.900604 1.033194 
0.153069 0.205931 0.249708 0.291729 0.368639 0.587167 0.744097 0.867076 1.040986 1.161097 
_des_num = 3
0.000000 0.000000 0.000000 0.000000 0.006924 0.048090 0.070132 0.104125 0.152375 0.220944 
0.002312 0.007306 0.010118 0.014097 0.027340 0.086757 0.123910 0.168472 0.232840 0.313819 
0.004708 0.013424 0.020313 0.026771 0.048597 0.127993 0.176806 0.232049 0.315729 0.405000 
0.007132 0.020583 0.030917 0.041521 0.069354 0.166715 0.230597 0.298306 0.395479 0.497319 
0.009472 0.027799 0.041500 0.055028 0.090653 0.205042 0.283861 0.365604 0.477368 0.591396 
0.011715 0.034875 0.051660 0.069201 0.111472 0.245208 0.336569 0.428306 0.558271 0.682931 
0.014014 0.041667 0.062465 0.082903 0.132222 0.283243 0.389875 0.492201 0.638931 0.775368 
0.014014 0.041667 0.062465 0.082903 0.132222 0.283243 0.389875 0.492201 0.638931 0.775368 
0.060986 0.096382 0.125708 0.152215 0.212806 0.391368 0.519521 0.625896 0.781396 0.925306 
0.106701 0.152035 0.187868 0.222806 0.291736 0.489583 0.646847 0.761854 0.925486 1.069319 
0.152292 0.208271 0.249958 0.290958 0.372785 0.593812 0.778639 0.899257 1.070521 1.218785 
_des_num = 4
0.000000 0.000000 0.000000 0.000000 0.006910 0.047701 0.068785 0.105076 0.152743 0.223139 
0.002201 0.006507 0.010090 0.014097 0.027910 0.087132 0.121139 0.172319 0.233979 0.316181 
0.004507 0.013854 0.021035 0.027701 0.048910 0.126812 0.175479 0.234472 0.314660 0.407889 
0.007028 0.020715 0.031361 0.040972 0.070028 0.165153 0.226590 0.299931 0.396514 0.503729 
0.009340 0.027368 0.041181 0.055229 0.091576 0.203299 0.277958 0.365875 0.475153 0.593639 
0.011625 0.034799 0.052396 0.069764 0.111750 0.243958 0.334326 0.431472 0.557986 0.685201 
0.013965 0.041431 0.062347 0.083368 0.132937 0.282757 0.387153 0.496514 0.638681 0.778757 
0.013965 0.041431 0.062347 0.083368 0.132937 0.282757 0.387153 0.496514 0.638681 0.778757 
0.059875 0.096868 0.123035 0.152417 0.213819 0.385410 0.516437 0.635333 0.782861 0.926382 
0.106722 0.154194 0.187819 0.221222 0.293771 0.493535 0.647222 0.769590 0.925674 1.075632 
0.153382 0.207458 0.250437 0.290972 0.370965 0.594118 0.775201 0.901222 1.072444 1.221722 
_des_num = 5
0.000000 0.000000 0.000000 0.000000 0.006576 0.049604 0.071771 0.105736 0.151069 0.219806 
0.002271 0.007000 0.009979 0.014146 0.027243 0.088882 0.125292 0.171229 0.230882 0.310972 
0.004472 0.013688 0.020264 0.028396 0.047285 0.128611 0.178250 0.234417 0.313104 0.405208 
0.006799 0.020750 0.031076 0.042688 0.069215 0.170035 0.233979 0.300347 0.391653 0.493618 
0.008743 0.028257 0.041201 0.056160 0.089278 0.209097 0.286813 0.366118 0.474882 0.589979 
0.011271 0.035063 0.051993 0.069868 0.110326 0.248632 0.339528 0.430535 0.554660 0.681410 
0.013368 0.041743 0.062250 0.084125 0.131194 0.288000 0.393507 0.496479 0.635361 0.773687 
0.013368 0.041743 0.062250 0.084125 0.131194 0.288000 0.393507 0.496479 0.635361 0.773687 
0.059285 0.097562 0.123729 0.153924 0.212431 0.391819 0.522424 0.635333 0.777757 0.921424 
0.106514 0.153757 0.185785 0.222611 0.291306 0.497083 0.652674 0.765722 0.923354 1.070681 
0.151632 0.207937 0.251007 0.294194 0.372771 0.600681 0.785500 0.905660 1.062292 1.217125 
