# 直瞄武器对人(8 * 12，后两列没有用，补齐数据)
-2 -2 -1 -1 -1  0  0  0  0  0  0  0
-2 -2 -2 -1 -1 -1 -1  0  0  0  0  0 
-3 -2 -2 -2 -1 -1 -1 -1 -1  0  0  0 
-3 -3 -3 -2 -2 -1 -1 -1 -1 -1  0  0 
-4 -3 -3 -3 -2 -2 -2 -1 -1 -1  0  0 
-4 -4 -4 -3 -3 -2 -2 -2 -1 -1  0  0 
-5 -4 -4 -4 -3 -2 -2 -2 -2 -1  0  0 
-5 -5 -5 -4 -3 -3 -2 -2 -2 -2  0  0 
# 直瞄武器对车基于高程差的攻击等级修正(8 * 12)
-2 -2 -1 -1 -1  0  0  0  0  0  0  0  
-2 -2 -2 -1 -1 -1 -1  0  0  0  0  0  
-3 -2 -2 -2 -1 -1 -1 -1 -1  0  0  0  
-3 -3 -3 -2 -2 -1 -1 -1 -1 -1 -1  0  
-4 -3 -3 -3 -2 -2 -2 -1 -1 -1 -1 -1  
-4 -4 -4 -3 -3 -2 -2 -2 -1 -1 -1 -1  
-5 -4 -4 -4 -3 -2 -2 -2 -2 -1 -1 -1  
-5 -5 -5 -4 -3 -3 -2 -2 -2 -2 -2 -1 
