# python模块中用来裁决战损的表格/直瞄武器对车/序号1：随机数与战斗结果所在列索引（序号-1文件zm2car_-1_forPythonJuder给出）确定战斗结果，即战损输出
# 行标识随机数，列通过序号-1文件标识，具体数据为战损结果
1	-1	-1	-1	-1	-1	1	1	1	1	1	1	1	1	2	3	3	2	3	5
-1	-1	-1	1	-1	-1	1	-1	-1	1	1	1	1	1	2	3	3	2	1	1
-1	1	-1	1	1	-1	-1	1	1	1	1	1	1	1	1	1	1	1	1	1
-1	-1	-1	1	1	1	1	1	1	1	1	1	1	1	1	1	1	1	1	1
-1	-1	-1	-1	1	1	1	1	1	1	1	1	1	1	1	1	1	1	3	5
-1	-1	1	-1	-1	1	1	1	2	2	2	2	2	3	3	3	4	3	4	3
-1	-1	-1	-1	-1	-1	-1	1	1	1	-1	-1	2	2	2	2	2	4	4	4
-1	-1	-1	-1	-1	-1	-1	-1	-1	1	2	2	2	2	2	2	2	4	3	4
-1	-1	-1	-1	-1	-1	-1	-1	-1	-1	-1	1	2	2	2	2	2	4	4	4
-1	-1	-1	-1	-1	-1	-1	-1	-1	-1	2	2	-1	-1	2	3	3	2	2	3
-1	-1	-1	-1	-1	-1	-1	-1	-1	-1	-1	-1	-1	1	2	3	3	3	2	4
