107 2 108 0 207 0 0 0 0 0 0 0 0 0
602 2 502 0 701 0 0 0 0 0 0 0 0 0
105 2 5 0 206 0 0 0 0 0 0 0 0 0
1502 2 1503 0 1501 0 0 0 0 0 0 0 0 0
1524 3 1525 0 1424 0 1624 0 0 0 0 0 0 0
2124 2 2025 0 2224 0 0 0 0 0 0 0 0 0
2323 2 2224 0 2423 0 0 0 0 0 0 0 0 0
2423 2 2323 0 2422 0 0 0 0 0 0 0 0 0
2525 2 2426 1 2625 1 0 0 0 0 0 0 0 0
2701 2 2601 1 2802 1 0 0 0 0 0 0 0 0
2711 2 2612 0 2812 0 0 0 0 0 0 0 0 0
2805 2 2806 0 2804 0 0 0 0 0 0 0 0 0
2816 3 2817 0 2715 0 2815 0 0 0 0 0 0 0
3907 2 3807 1 4008 1 0 0 0 0 0 0 0 0
4609 2 4610 0 4608 0 0 0 0 0 0 0 0 0
5014 2 4914 0 5013 0 0 0 0 0 0 0 0 0
5316 2 5216 1 5417 1 0 0 0 0 0 0 0 0
5226 3 5227 0 5225 0 5326 0 0 0 0 0 0 0
5726 2 5626 0 5826 0 0 0 0 0 0 0 0 0
5823 2 5824 0 5822 0 0 0 0 0 0 0 0 0
646 3 647 0 545 0 745 0 0 0 0 0 0 0
839 3 939 0 739 1 838 1 0 0 0 0 0 0
1533 2 1534 0 1532 0 0 0 0 0 0 0 0 0
1631 2 1531 1 1730 1 0 0 0 0 0 0 0 0
217 2 117 1 317 1 0 0 0 0 0 0 0 0
502 2 403 0 602 0 0 0 0 0 0 0 0 0
610 2 510 0 710 0 0 0 0 0 0 0 0 0
1022 2 1023 0 1021 0 0 0 0 0 0 0 0 0
1708 2 1709 0 1608 0 0 0 0 0 0 0 0 0
1711 2 1712 0 1710 0 0 0 0 0 0 0 0 0
1613 2 1513 0 1713 0 0 0 0 0 0 0 0 0
1910 2 1911 0 1909 0 0 0 0 0 0 0 0 0
1818 2 1718 1 1917 1 0 0 0 0 0 0 0 0
1825 2 1724 0 1925 0 0 0 0 0 0 0 0 0
2316 2 2317 0 2315 0 0 0 0 0 0 0 0 0
2902 3 2903 0 2802 1 3003 1 0 0 0 0 0 0
2808 2 2809 0 2807 0 0 0 0 0 0 0 0 0
2918 2 2818 1 3018 1 0 0 0 0 0 0 0 0
3605 2 3606 0 3604 0 0 0 0 0 0 0 0 0
3802 2 3701 0 3901 0 0 0 0 0 0 0 0 0
4200 1 4201 0 0 0 0 0 0 0 0 0 0 0
4518 2 4419 1 4619 1 0 0 0 0 0 0 0 0
4620 2 4621 0 4619 0 0 0 0 0 0 0 0 0
4622 2 4623 0 4621 0 0 0 0 0 0 0 0 0
5007 2 5008 0 5006 0 0 0 0 0 0 0 0 0
5010 2 5011 0 5009 0 0 0 0 0 0 0 0 0
5015 2 4914 1 5115 1 0 0 0 0 0 0 0 0
5517 2 5417 1 5618 1 0 0 0 0 0 0 0 0
5519 2 5420 1 5620 1 0 0 0 0 0 0 0 0
5811 2 5812 0 5710 0 0 0 0 0 0 0 0 0
6019 2 6018 0 6119 0 0 0 0 0 0 0 0 0
6124 2 6125 1 6123 1 0 0 0 0 0 0 0 0
528 2 527 0 629 0 0 0 0 0 0 0 0 0
1433 2 1333 1 1432 1 0 0 0 0 0 0 0 0
117 2 17 1 217 1 0 0 0 0 0 0 0 0
910 2 811 0 1011 0 0 0 0 0 0 0 0 0
514 2 515 0 414 0 0 0 0 0 0 0 0 0
812 2 813 0 811 0 0 0 0 0 0 0 0 0
1017 4 1018 0 1016 0 917 1 1117 1 0 0 0 0
1218 2 1117 1 1317 1 0 0 0 0 0 0 0 0
1418 2 1317 1 1517 1 0 0 0 0 0 0 0 0
1608 2 1607 0 1708 0 0 0 0 0 0 0 0 0
1712 2 1713 0 1711 0 0 0 0 0 0 0 0 0
2311 2 2211 0 2412 0 0 0 0 0 0 0 0 0
2400 1 2500 1 0 0 0 0 0 0 0 0 0 0
3018 2 2918 1 3118 1 0 0 0 0 0 0 0 0
3212 2 3112 0 3312 0 0 0 0 0 0 0 0 0
3915 2 3916 0 3914 0 0 0 0 0 0 0 0 0
3919 2 3820 1 4019 1 0 0 0 0 0 0 0 0
3820 2 3720 1 3919 1 0 0 0 0 0 0 0 0
4112 2 4013 0 4111 0 0 0 0 0 0 0 0 0
4201 2 4202 0 4200 0 0 0 0 0 0 0 0 0
4611 2 4612 0 4610 0 0 0 0 0 0 0 0 0
4719 2 4619 1 4819 1 0 0 0 0 0 0 0 0
4621 2 4622 0 4620 0 0 0 0 0 0 0 0 0
4819 2 4719 1 4919 1 0 0 0 0 0 0 0 0
5303 2 5204 0 5403 0 0 0 0 0 0 0 0 0
5222 2 5223 0 5121 0 0 0 0 0 0 0 0 0
5403 2 5303 0 5502 0 0 0 0 0 0 0 0 0
5407 2 5306 0 5507 0 0 0 0 0 0 0 0 0
5509 2 5508 0 5610 0 0 0 0 0 0 0 0 0
5812 2 5811 0 5912 0 0 0 0 0 0 0 0 0
5913 2 5914 0 5912 0 0 0 0 0 0 0 0 0
6001 2 5901 0 6100 0 0 0 0 0 0 0 0 0
6524 1 6424 1 0 0 0 0 0 0 0 0 0 0
740 2 641 1 739 1 0 0 0 0 0 0 0 0
1134 2 1135 1 1234 1 0 0 0 0 0 0 0 0
1245 2 1145 1 1345 1 0 0 0 0 0 0 0 0
5 1 105 0 0 0 0 0 0 0 0 0 0 0
413 2 414 0 412 0 0 0 0 0 0 0 0 0
406 2 306 0 405 0 0 0 0 0 0 0 0 0
523 2 424 0 624 0 0 0 0 0 0 0 0 0
710 2 610 0 811 0 0 0 0 0 0 0 0 0
623 2 624 0 622 0 0 0 0 0 0 0 0 0
1117 2 1017 1 1218 1 0 0 0 0 0 0 0 0
721 2 622 0 720 0 0 0 0 0 0 0 0 0
622 2 623 0 721 0 0 0 0 0 0 0 0 0
815 2 816 0 814 0 0 0 0 0 0 0 0 0
1621 2 1622 0 1620 0 0 0 0 0 0 0 0 0
1814 2 1713 0 1914 0 0 0 0 0 0 0 0 0
2209 2 2210 0 2308 0 0 0 0 0 0 0 0 0
2210 2 2211 0 2209 0 0 0 0 0 0 0 0 0
2418 2 2317 1 2517 1 0 0 0 0 0 0 0 0
2719 2 2620 0 2819 0 0 0 0 0 0 0 0 0
2903 2 2804 0 2902 0 0 0 0 0 0 0 0 0
3103 2 3003 1 3204 1 0 0 0 0 0 0 0 0
3112 2 3012 0 3212 0 0 0 0 0 0 0 0 0
3422 2 3322 1 3521 1 0 0 0 0 0 0 0 0
3603 2 3604 0 3602 0 0 0 0 0 0 0 0 0
4019 3 3919 1 3918 1 4118 1 0 0 0 0 0 0
4208 2 4209 0 4207 0 0 0 0 0 0 0 0 0
4617 2 4618 0 4616 0 0 0 0 0 0 0 0 0
4618 2 4619 0 4617 0 0 0 0 0 0 0 0 0
4619 4 4620 0 4618 0 4518 1 4719 1 0 0 0 0
4623 2 4624 0 4622 0 0 0 0 0 0 0 0 0
5013 2 5014 0 5012 0 0 0 0 0 0 0 0 0
5319 2 5219 1 5420 1 0 0 0 0 0 0 0 0
5426 2 5326 0 5526 0 0 0 0 0 0 0 0 0
5526 2 5426 0 5626 0 0 0 0 0 0 0 0 0
5626 2 5526 0 5726 0 0 0 0 0 0 0 0 0
6015 2 6016 0 5914 0 0 0 0 0 0 0 0 0
6401 2 6300 0 6500 0 0 0 0 0 0 0 0 0
1037 2 937 1 1036 1 0 0 0 0 0 0 0 0
1141 2 1142 0 1140 0 0 0 0 0 0 0 0 0
1142 2 1143 0 1141 0 0 0 0 0 0 0 0 0
1528 2 1529 0 1527 0 0 0 0 0 0 0 0 0
720 2 721 0 719 0 0 0 0 0 0 0 0 0
1019 2 1020 0 1018 0 0 0 0 0 0 0 0 0
819 2 719 0 818 0 0 0 0 0 0 0 0 0
1124 2 1024 0 1224 0 0 0 0 0 0 0 0 0
1224 2 1124 0 1324 0 0 0 0 0 0 0 0 0
1409 2 1308 0 1509 0 0 0 0 0 0 0 0 0
1413 2 1414 0 1312 0 0 0 0 0 0 0 0 0
1710 3 1711 0 1610 0 1709 0 0 0 0 0 0 0
1718 2 1618 1 1818 1 0 0 0 0 0 0 0 0
2014 3 1914 0 2013 0 2114 0 0 0 0 0 0 0
2117 2 2018 1 2218 1 0 0 0 0 0 0 0 0
2503 2 2504 0 2502 0 0 0 0 0 0 0 0 0
2715 2 2615 0 2816 0 0 0 0 0 0 0 0 0
2717 2 2618 1 2818 1 0 0 0 0 0 0 0 0
2810 2 2811 0 2809 0 0 0 0 0 0 0 0 0
2815 2 2816 0 2814 0 0 0 0 0 0 0 0 0
2819 2 2719 0 2818 0 0 0 0 0 0 0 0 0
2924 2 2824 1 3024 1 0 0 0 0 0 0 0 0
3118 2 3018 1 3218 1 0 0 0 0 0 0 0 0
3024 2 2924 1 3123 1 0 0 0 0 0 0 0 0
3318 2 3218 1 3418 1 0 0 0 0 0 0 0 0
3223 2 3123 1 3322 1 0 0 0 0 0 0 0 0
3513 2 3413 0 3614 0 0 0 0 0 0 0 0 0
3602 2 3603 0 3701 0 0 0 0 0 0 0 0 0
3615 2 3616 0 3614 0 0 0 0 0 0 0 0 0
3901 2 3802 0 4002 0 0 0 0 0 0 0 0 0
3916 2 3817 0 3915 0 0 0 0 0 0 0 0 0
4211 2 4111 0 4210 0 0 0 0 0 0 0 0 0
5219 2 5119 1 5319 1 0 0 0 0 0 0 0 0
5326 2 5226 0 5426 0 0 0 0 0 0 0 0 0
5502 2 5403 0 5602 0 0 0 0 0 0 0 0 0
5417 2 5316 1 5517 1 0 0 0 0 0 0 0 0
5914 2 5913 0 6015 0 0 0 0 0 0 0 0 0
5824 2 5823 0 5924 0 0 0 0 0 0 0 0 0
5925 2 5826 0 5924 0 0 0 0 0 0 0 0 0
6120 2 6121 1 6119 1 0 0 0 0 0 0 0 0
48 1 147 1 0 0 0 0 0 0 0 0 0 0
345 3 246 1 344 1 446 1 0 0 0 0 0 0
627 2 527 0 626 0 0 0 0 0 0 0 0 0
828 2 728 0 928 0 0 0 0 0 0 0 0 0
1036 2 1037 1 1135 1 0 0 0 0 0 0 0 0
1143 2 1144 0 1142 0 0 0 0 0 0 0 0 0
206 2 105 0 306 0 0 0 0 0 0 0 0 0
308 2 309 0 307 0 0 0 0 0 0 0 0 0
1115 2 1016 0 1215 0 0 0 0 0 0 0 0 0
9 2 10 0 108 0 0 0 0 0 0 0 0 0
1619 2 1620 0 1618 0 0 0 0 0 0 0 0 0
1914 3 1915 0 1814 0 2014 0 0 0 0 0 0 0
2111 2 2012 0 2211 0 0 0 0 0 0 0 0 0
2314 2 2315 0 2214 0 0 0 0 0 0 0 0 0
2315 2 2316 0 2314 0 0 0 0 0 0 0 0 0
2513 2 2514 0 2512 0 0 0 0 0 0 0 0 0
2814 2 2815 0 2813 0 0 0 0 0 0 0 0 0
3312 2 3212 0 3413 0 0 0 0 0 0 0 0 0
4111 2 4112 0 4211 0 0 0 0 0 0 0 0 0
4204 2 4205 0 4203 0 0 0 0 0 0 0 0 0
4209 4 4210 0 4208 0 4108 1 4309 1 0 0 0 0
4411 2 4410 1 4511 1 0 0 0 0 0 0 0 0
4610 3 4611 0 4609 0 4710 0 0 0 0 0 0 0
4625 2 4626 0 4624 0 0 0 0 0 0 0 0 0
5011 3 5012 0 4911 0 5010 0 0 0 0 0 0 0
5115 2 5015 1 5216 1 0 0 0 0 0 0 0 0
5123 2 5023 0 5223 0 0 0 0 0 0 0 0 0
5306 2 5206 0 5407 0 0 0 0 0 0 0 0 0
5216 2 5115 1 5316 1 0 0 0 0 0 0 0 0
5610 2 5509 0 5710 0 0 0 0 0 0 0 0 0
5618 2 5517 1 5718 1 0 0 0 0 0 0 0 0
5620 2 5519 1 5719 1 0 0 0 0 0 0 0 0
6016 2 6017 0 6015 0 0 0 0 0 0 0 0 0
6300 2 6201 0 6401 0 0 0 0 0 0 0 0 0
6500 1 6401 0 0 0 0 0 0 0 0 0 0 0
728 2 629 0 828 0 0 0 0 0 0 0 0 0
745 2 646 1 845 1 0 0 0 0 0 0 0 0
649 2 650 0 648 0 0 0 0 0 0 0 0 0
838 2 839 1 937 1 0 0 0 0 0 0 0 0
1027 2 1028 0 1026 0 0 0 0 0 0 0 0 0
1135 2 1036 1 1134 1 0 0 0 0 0 0 0 0
1346 2 1347 0 1345 0 0 0 0 0 0 0 0 0
1350 1 1349 0 0 0 0 0 0 0 0 0 0 0
1530 2 1531 0 1529 0 0 0 0 0 0 0 0 0
515 2 514 0 616 0 0 0 0 0 0 0 0 0
700 1 701 0 0 0 0 0 0 0 0 0 0 0
701 2 602 0 700 0 0 0 0 0 0 0 0 0
813 2 814 0 812 0 0 0 0 0 0 0 0 0
817 4 818 0 816 0 717 1 917 1 0 0 0 0
818 2 819 0 817 0 0 0 0 0 0 0 0 0
1006 2 1007 0 905 0 0 0 0 0 0 0 0 0
1016 2 1017 0 1115 0 0 0 0 0 0 0 0 0
1021 2 1022 0 1020 0 0 0 0 0 0 0 0 0
417 2 317 1 517 1 0 0 0 0 0 0 0 0
625 2 626 0 624 0 0 0 0 0 0 0 0 0
1308 2 1208 0 1409 0 0 0 0 0 0 0 0 0
1324 2 1224 0 1424 0 0 0 0 0 0 0 0 0
1620 2 1621 0 1619 0 0 0 0 0 0 0 0 0
1624 3 1524 0 1623 0 1724 0 0 0 0 0 0 0
1724 2 1624 0 1825 0 0 0 0 0 0 0 0 0
2025 2 1925 0 2124 0 0 0 0 0 0 0 0 0
2224 2 2124 0 2323 0 0 0 0 0 0 0 0 0
2505 2 2506 0 2504 0 0 0 0 0 0 0 0 0
3914 2 3915 0 4014 0 0 0 0 0 0 0 0 0
4713 2 4614 0 4813 0 0 0 0 0 0 0 0 0
5121 2 5120 0 5222 0 0 0 0 0 0 0 0 0
5023 2 4923 0 5123 0 0 0 0 0 0 0 0 0
5224 2 5225 0 5223 0 0 0 0 0 0 0 0 0
5821 2 5822 0 5820 0 0 0 0 0 0 0 0 0
6100 2 6001 0 6201 0 0 0 0 0 0 0 0 0
6125 2 6126 1 6124 1 0 0 0 0 0 0 0 0
27 1 126 0 0 0 0 0 0 0 0 0 0 0
647 2 648 0 646 0 0 0 0 0 0 0 0 0
648 2 649 0 647 0 0 0 0 0 0 0 0 0
1140 2 1141 0 1040 0 0 0 0 0 0 0 0 0
1347 2 1348 0 1346 0 0 0 0 0 0 0 0 0
1349 2 1350 0 1348 0 0 0 0 0 0 0 0 0
704 2 604 0 805 0 0 0 0 0 0 0 0 0
724 2 624 0 824 0 0 0 0 0 0 0 0 0
824 2 724 0 923 0 0 0 0 0 0 0 0 0
1025 2 1026 0 1024 0 0 0 0 0 0 0 0 0
1317 2 1218 1 1418 1 0 0 0 0 0 0 0 0
1607 2 1608 0 1606 0 0 0 0 0 0 0 0 0
1915 2 1916 0 1914 0 0 0 0 0 0 0 0 0
1925 2 1825 0 2025 0 0 0 0 0 0 0 0 0
2214 2 2114 0 2314 0 0 0 0 0 0 0 0 0
2408 2 2308 0 2507 0 0 0 0 0 0 0 0 0
2517 2 2418 1 2618 1 0 0 0 0 0 0 0 0
2724 2 2625 1 2824 1 0 0 0 0 0 0 0 0
2807 2 2808 0 2806 0 0 0 0 0 0 0 0 0
2818 4 2819 0 2817 0 2717 1 2918 1 0 0 0 0
3304 2 3204 1 3405 1 0 0 0 0 0 0 0 0
3716 3 3717 0 3616 0 3817 0 0 0 0 0 0 0
3717 2 3718 0 3716 0 0 0 0 0 0 0 0 0
4002 2 3901 0 4101 0 0 0 0 0 0 0 0 0
4118 2 4019 1 4219 1 0 0 0 0 0 0 0 0
4203 2 4204 0 4202 0 0 0 0 0 0 0 0 0
4306 2 4206 0 4407 0 0 0 0 0 0 0 0 0
4511 2 4411 1 4612 1 0 0 0 0 0 0 0 0
4710 2 4610 0 4811 0 0 0 0 0 0 0 0 0
4723 2 4624 0 4823 0 0 0 0 0 0 0 0 0
4823 2 4723 0 4923 0 0 0 0 0 0 0 0 0
5009 2 5010 0 5008 0 0 0 0 0 0 0 0 0
5204 2 5104 0 5303 0 0 0 0 0 0 0 0 0
5718 2 5719 1 5618 1 0 0 0 0 0 0 0 0
6119 2 6120 0 6019 0 0 0 0 0 0 0 0 0
545 2 446 1 646 1 0 0 0 0 0 0 0 0
1144 2 1145 0 1143 0 0 0 0 0 0 0 0 0
1534 2 1533 0 1635 0 0 0 0 0 0 0 0 0
1445 2 1345 1 1545 1 0 0 0 0 0 0 0 0
404 2 405 0 403 0 0 0 0 0 0 0 0 0
1111 2 1011 0 1212 0 0 0 0 0 0 0 0 0
624 4 625 0 523 0 623 0 724 0 0 0 0 0
1020 2 1021 0 1019 0 0 0 0 0 0 0 0 0
1500 1 1501 0 0 0 0 0 0 0 0 0 0 0
1509 2 1409 0 1610 0 0 0 0 0 0 0 0 0
2211 3 2111 0 2210 0 2311 0 0 0 0 0 0 0
2514 2 2513 0 2615 0 0 0 0 0 0 0 0 0
2618 2 2517 1 2717 1 0 0 0 0 0 0 0 0
2625 3 2725 0 2525 1 2724 1 0 0 0 0 0 0
2813 2 2814 0 2812 0 0 0 0 0 0 0 0 0
3718 3 3717 0 3618 1 3819 1 0 0 0 0 0 0
4101 2 4002 0 4202 0 0 0 0 0 0 0 0 0
4008 2 3907 1 4108 1 0 0 0 0 0 0 0 0
4013 2 4014 0 4112 0 0 0 0 0 0 0 0 0
4318 2 4219 1 4419 1 0 0 0 0 0 0 0 0
4219 2 4118 1 4318 1 0 0 0 0 0 0 0 0
4626 2 4627 0 4625 0 0 0 0 0 0 0 0 0
4923 2 4823 0 5023 0 0 0 0 0 0 0 0 0
5105 3 5006 0 5104 0 5206 0 0 0 0 0 0 0
5019 2 4919 1 5119 1 0 0 0 0 0 0 0 0
5206 2 5105 0 5306 0 0 0 0 0 0 0 0 0
5225 2 5226 0 5224 0 0 0 0 0 0 0 0 0
5507 2 5508 0 5407 0 0 0 0 0 0 0 0 0
5822 2 5823 0 5821 0 0 0 0 0 0 0 0 0
6018 2 6019 0 6017 0 0 0 0 0 0 0 0 0
46 1 145 1 0 0 0 0 0 0 0 0 0 0
444 2 344 1 443 1 0 0 0 0 0 0 0 0
1345 3 1346 1 1245 1 1445 1 0 0 0 0 0 0
1348 2 1349 0 1347 0 0 0 0 0 0 0 0 0
1550 1 1650 0 0 0 0 0 0 0 0 0 0 0
307 2 308 0 306 0 0 0 0 0 0 0 0 0
226 2 126 0 325 0 0 0 0 0 0 0 0 0
510 2 410 0 610 0 0 0 0 0 0 0 0 0
414 2 413 0 514 0 0 0 0 0 0 0 0 0
126 2 27 0 226 0 0 0 0 0 0 0 0 0
905 2 805 0 1006 0 0 0 0 0 0 0 0 0
814 2 815 0 813 0 0 0 0 0 0 0 0 0
309 2 308 0 410 0 0 0 0 0 0 0 0 0
717 3 716 0 617 1 817 1 0 0 0 0 0 0
1107 2 1007 0 1208 0 0 0 0 0 0 0 0 0
1208 2 1107 0 1308 0 0 0 0 0 0 0 0 0
1314 2 1215 0 1414 0 0 0 0 0 0 0 0 0
1501 2 1502 0 1500 0 0 0 0 0 0 0 0 0
2012 3 2013 0 1911 0 2111 0 0 0 0 0 0 0
2326 2 2227 1 2426 1 0 0 0 0 0 0 0 0
2500 3 2501 0 2400 1 2601 1 0 0 0 0 0 0
2506 2 2507 0 2505 0 0 0 0 0 0 0 0 0
2520 2 2421 0 2620 0 0 0 0 0 0 0 0 0
2809 2 2810 0 2808 0 0 0 0 0 0 0 0 0
2817 2 2818 0 2816 0 0 0 0 0 0 0 0 0
3218 2 3118 1 3318 1 0 0 0 0 0 0 0 0
3505 2 3405 1 3606 1 0 0 0 0 0 0 0 0
3701 2 3602 0 3802 0 0 0 0 0 0 0 0 0
3606 3 3605 0 3505 1 3706 1 0 0 0 0 0 0
3720 2 3621 1 3820 1 0 0 0 0 0 0 0 0
3819 2 3718 1 3918 1 0 0 0 0 0 0 0 0
4612 3 4611 0 4511 1 4712 1 0 0 0 0 0 0
4911 2 4811 0 5011 0 0 0 0 0 0 0 0 0
5012 2 5013 0 5011 0 0 0 0 0 0 0 0 0
5912 2 5913 0 5812 0 0 0 0 0 0 0 0 0
5820 3 5821 0 5719 1 5920 1 0 0 0 0 0 0
443 2 444 1 542 1 0 0 0 0 0 0 0 0
446 2 345 1 545 1 0 0 0 0 0 0 0 0
550 1 650 0 0 0 0 0 0 0 0 0 0 0
641 2 541 1 740 1 0 0 0 0 0 0 0 0
650 2 550 0 649 0 0 0 0 0 0 0 0 0
928 2 828 0 1028 0 0 0 0 0 0 0 0 0
945 2 845 1 1045 1 0 0 0 0 0 0 0 0
1040 2 939 0 1140 0 0 0 0 0 0 0 0 0
1531 4 1532 0 1530 0 1432 1 1631 1 0 0 0 0
1532 2 1533 0 1531 0 0 0 0 0 0 0 0 0
10 1 9 0 0 0 0 0 0 0 0 0 0 0
425 2 325 0 424 0 0 0 0 0 0 0 0 0
811 3 812 0 710 0 910 0 0 0 0 0 0 0
317 2 217 1 417 1 0 0 0 0 0 0 0 0
410 3 411 0 309 0 510 0 0 0 0 0 0 0
816 2 817 0 815 0 0 0 0 0 0 0 0 0
917 2 817 1 1017 1 0 0 0 0 0 0 0 0
1212 2 1111 0 1312 0 0 0 0 0 0 0 0 0
1414 3 1314 0 1413 0 1513 0 0 0 0 0 0 0
1604 2 1605 0 1503 0 0 0 0 0 0 0 0 0
2114 2 2014 0 2214 0 0 0 0 0 0 0 0 0
2507 2 2408 0 2506 0 0 0 0 0 0 0 0 0
2412 2 2311 0 2512 0 0 0 0 0 0 0 0 0
2512 3 2513 0 2412 0 2612 0 0 0 0 0 0 0
2421 2 2422 0 2520 0 0 0 0 0 0 0 0 0
2601 2 2500 1 2701 1 0 0 0 0 0 0 0 0
2725 2 2625 0 2826 0 0 0 0 0 0 0 0 0
3322 2 3223 1 3422 1 0 0 0 0 0 0 0 0
3413 2 3312 0 3513 0 0 0 0 0 0 0 0 0
3706 2 3606 1 3807 1 0 0 0 0 0 0 0 0
4014 2 3914 0 4013 0 0 0 0 0 0 0 0 0
4205 2 4206 0 4204 0 0 0 0 0 0 0 0 0
4206 3 4207 0 4205 0 4306 0 0 0 0 0 0 0
4207 2 4208 0 4206 0 0 0 0 0 0 0 0 0
4914 3 5014 0 4814 1 5015 1 0 0 0 0 0 0
4919 2 4819 1 5019 1 0 0 0 0 0 0 0 0
5223 3 5224 0 5123 0 5222 0 0 0 0 0 0 0
5802 2 5701 0 5901 0 0 0 0 0 0 0 0 0
6121 3 6122 1 6021 1 6120 1 0 0 0 0 0 0
6323 2 6223 1 6424 1 0 0 0 0 0 0 0 0
1234 2 1134 1 1333 1 0 0 0 0 0 0 0 0
1529 2 1530 0 1528 0 0 0 0 0 0 0 0 0
517 2 417 1 617 1 0 0 0 0 0 0 0 0
17 1 117 1 0 0 0 0 0 0 0 0 0 0
325 2 226 0 425 0 0 0 0 0 0 0 0 0
716 2 717 0 616 0 0 0 0 0 0 0 0 0
1026 2 1027 0 1025 0 0 0 0 0 0 0 0 0
1312 2 1212 0 1413 0 0 0 0 0 0 0 0 0
1525 2 1526 0 1524 0 0 0 0 0 0 0 0 0
1709 3 1710 0 1708 0 1809 0 0 0 0 0 0 0
1610 2 1509 0 1710 0 0 0 0 0 0 0 0 0
1623 2 1624 0 1622 0 0 0 0 0 0 0 0 0
1909 2 1910 0 1809 0 0 0 0 0 0 0 0 0
2013 2 2014 0 2012 0 0 0 0 0 0 0 0 0
2218 2 2117 1 2317 1 0 0 0 0 0 0 0 0
2501 2 2502 0 2500 0 0 0 0 0 0 0 0 0
2620 2 2520 0 2719 0 0 0 0 0 0 0 0 0
2812 4 2813 0 2711 0 2811 0 2912 0 0 0 0 0
2912 2 2812 0 3012 0 0 0 0 0 0 0 0 0
2824 2 2724 1 2924 1 0 0 0 0 0 0 0 0
3012 2 2912 0 3112 0 0 0 0 0 0 0 0 0
3614 2 3615 0 3513 0 0 0 0 0 0 0 0 0
4202 3 4203 0 4101 0 4201 0 0 0 0 0 0 0
4410 2 4411 1 4309 1 0 0 0 0 0 0 0 0
4811 2 4710 0 4911 0 0 0 0 0 0 0 0 0
5602 2 5502 0 5701 0 0 0 0 0 0 0 0 0
6424 2 6323 1 6524 1 0 0 0 0 0 0 0 0
145 2 46 1 246 1 0 0 0 0 0 0 0 0
1145 3 1144 0 1045 1 1245 1 0 0 0 0 0 0
411 2 412 0 410 0 0 0 0 0 0 0 0 0
412 2 413 0 411 0 0 0 0 0 0 0 0 0
207 2 107 0 306 0 0 0 0 0 0 0 0 0
1018 2 1019 0 1017 0 0 0 0 0 0 0 0 0
1215 2 1115 0 1314 0 0 0 0 0 0 0 0 0
1513 2 1414 0 1613 0 0 0 0 0 0 0 0 0
1424 2 1324 0 1524 0 0 0 0 0 0 0 0 0
1526 2 1527 0 1525 0 0 0 0 0 0 0 0 0
1606 2 1607 0 1605 0 0 0 0 0 0 0 0 0
1618 3 1619 0 1517 1 1718 1 0 0 0 0 0 0
1622 2 1623 0 1621 0 0 0 0 0 0 0 0 0
1809 2 1709 0 1909 0 0 0 0 0 0 0 0 0
2802 2 2701 1 2902 1 0 0 0 0 0 0 0 0
2804 2 2805 0 2903 0 0 0 0 0 0 0 0 0
2811 2 2812 0 2810 0 0 0 0 0 0 0 0 0
3204 2 3103 1 3304 1 0 0 0 0 0 0 0 0
3405 2 3304 1 3505 1 0 0 0 0 0 0 0 0
3521 2 3422 1 3621 1 0 0 0 0 0 0 0 0
3618 2 3518 1 3718 1 0 0 0 0 0 0 0 0
3621 2 3521 1 3720 1 0 0 0 0 0 0 0 0
4210 2 4211 0 4209 0 0 0 0 0 0 0 0 0
4507 2 4407 0 4608 0 0 0 0 0 0 0 0 0
4608 2 4609 0 4507 0 0 0 0 0 0 0 0 0
4615 2 4616 0 4614 0 0 0 0 0 0 0 0 0
5104 2 5105 0 5204 0 0 0 0 0 0 0 0 0
5420 2 5319 1 5519 1 0 0 0 0 0 0 0 0
5710 2 5610 0 5811 0 0 0 0 0 0 0 0 0
5826 2 5726 0 5925 0 0 0 0 0 0 0 0 0
6123 2 6124 1 6122 1 0 0 0 0 0 0 0 0
6201 2 6100 0 6300 0 0 0 0 0 0 0 0 0
246 3 146 1 145 1 345 1 0 0 0 0 0 0
541 2 542 1 641 1 0 0 0 0 0 0 0 0
542 2 443 1 541 1 0 0 0 0 0 0 0 0
739 2 740 1 839 1 0 0 0 0 0 0 0 0
1028 2 928 0 1027 0 0 0 0 0 0 0 0 0
616 2 515 0 716 0 0 0 0 0 0 0 0 0
617 2 517 1 717 1 0 0 0 0 0 0 0 0
805 2 704 0 905 0 0 0 0 0 0 0 0 0
405 3 406 0 404 0 504 0 0 0 0 0 0 0
1605 2 1606 0 1604 0 0 0 0 0 0 0 0 0
1713 3 1613 0 1712 0 1814 0 0 0 0 0 0 0
2426 2 2326 1 2525 1 0 0 0 0 0 0 0 0
2615 2 2514 0 2715 0 0 0 0 0 0 0 0 0
3003 2 2902 1 3103 1 0 0 0 0 0 0 0 0
3807 2 3706 1 3907 1 0 0 0 0 0 0 0 0
3817 2 3716 0 3916 0 0 0 0 0 0 0 0 0
4712 2 4612 1 4813 1 0 0 0 0 0 0 0 0
4616 2 4617 0 4615 0 0 0 0 0 0 0 0 0
4624 3 4625 0 4623 0 4723 0 0 0 0 0 0 0
4813 3 4814 1 4713 1 4712 1 0 0 0 0 0 0
5006 2 5007 0 5105 0 0 0 0 0 0 0 0 0
5008 2 5009 0 5007 0 0 0 0 0 0 0 0 0
5120 2 5121 0 5119 0 0 0 0 0 0 0 0 0
5701 2 5602 0 5802 0 0 0 0 0 0 0 0 0
6017 2 6018 0 6016 0 0 0 0 0 0 0 0 0
6021 2 5920 1 6121 1 0 0 0 0 0 0 0 0
6223 2 6122 1 6323 1 0 0 0 0 0 0 0 0
344 2 345 1 444 1 0 0 0 0 0 0 0 0
527 2 528 0 627 0 0 0 0 0 0 0 0 0
1527 2 1528 0 1526 0 0 0 0 0 0 0 0 0
1545 2 1445 1 1645 1 0 0 0 0 0 0 0 0
1730 2 1631 1 1830 1 0 0 0 0 0 0 0 0
1023 2 1024 0 1022 0 0 0 0 0 0 0 0 0
403 2 404 0 502 0 0 0 0 0 0 0 0 0
604 2 504 0 704 0 0 0 0 0 0 0 0 0
1503 2 1502 0 1604 0 0 0 0 0 0 0 0 0
1911 2 1910 0 2012 0 0 0 0 0 0 0 0 0
1917 3 1916 0 1818 1 2018 1 0 0 0 0 0 0
2018 2 1917 1 2117 1 0 0 0 0 0 0 0 0
2308 2 2209 0 2408 0 0 0 0 0 0 0 0 0
2502 2 2503 0 2501 0 0 0 0 0 0 0 0 0
2612 2 2512 0 2711 0 0 0 0 0 0 0 0 0
2806 2 2807 0 2805 0 0 0 0 0 0 0 0 0
2826 2 2827 0 2725 0 0 0 0 0 0 0 0 0
3518 2 3418 1 3618 1 0 0 0 0 0 0 0 0
3616 2 3615 0 3716 0 0 0 0 0 0 0 0 0
4407 2 4306 0 4507 0 0 0 0 0 0 0 0 0
4419 2 4318 1 4518 1 0 0 0 0 0 0 0 0
4614 2 4615 0 4713 0 0 0 0 0 0 0 0 0
4814 2 4813 1 4914 1 0 0 0 0 0 0 0 0
5719 3 5620 1 5718 1 5820 1 0 0 0 0 0 0
5901 2 5802 0 6001 0 0 0 0 0 0 0 0 0
146 2 147 1 246 1 0 0 0 0 0 0 0 0
937 2 838 1 1037 1 0 0 0 0 0 0 0 0
939 2 839 0 1040 0 0 0 0 0 0 0 0 0
845 2 745 1 945 1 0 0 0 0 0 0 0 0
1045 2 945 1 1145 1 0 0 0 0 0 0 0 0
1432 2 1433 1 1531 1 0 0 0 0 0 0 0 0
306 4 307 0 207 0 206 0 406 0 0 0 0 0
719 2 720 0 819 0 0 0 0 0 0 0 0 0
923 2 824 0 1024 0 0 0 0 0 0 0 0 0
1024 4 1025 0 923 0 1023 0 1124 0 0 0 0 0
108 2 9 0 107 0 0 0 0 0 0 0 0 0
504 2 405 0 604 0 0 0 0 0 0 0 0 0
424 2 425 0 523 0 0 0 0 0 0 0 0 0
626 2 627 0 625 0 0 0 0 0 0 0 0 0
1007 2 1006 0 1107 0 0 0 0 0 0 0 0 0
1011 2 910 0 1111 0 0 0 0 0 0 0 0 0
1517 2 1418 1 1618 1 0 0 0 0 0 0 0 0
1916 2 1917 0 1915 0 0 0 0 0 0 0 0 0
2317 3 2316 0 2218 1 2418 1 0 0 0 0 0 0
2504 2 2505 0 2503 0 0 0 0 0 0 0 0 0
2422 2 2423 0 2421 0 0 0 0 0 0 0 0 0
3123 2 3024 1 3223 1 0 0 0 0 0 0 0 0
3418 2 3318 1 3518 1 0 0 0 0 0 0 0 0
3604 2 3605 0 3603 0 0 0 0 0 0 0 0 0
3918 2 3819 1 4019 1 0 0 0 0 0 0 0 0
4108 2 4008 1 4209 1 0 0 0 0 0 0 0 0
4309 2 4209 1 4410 1 0 0 0 0 0 0 0 0
5119 3 5120 0 5019 1 5219 1 0 0 0 0 0 0
5508 2 5509 0 5507 0 0 0 0 0 0 0 0 0
5920 2 5820 1 6021 1 0 0 0 0 0 0 0 0
5924 2 5925 0 5824 0 0 0 0 0 0 0 0 0
6122 3 6123 1 6121 1 6223 1 0 0 0 0 0 0
6126 2 6127 1 6125 1 0 0 0 0 0 0 0 0
147 2 48 1 146 1 0 0 0 0 0 0 0 0
629 2 528 0 728 0 0 0 0 0 0 0 0 0
1333 2 1234 1 1433 1 0 0 0 0 0 0 0 0
1650 2 1550 0 1649 0 0 0 0 0 0 0 0 0
2042 2 1942 0 2041 0 0 0 0 0 0 0 0 0
2929 2 2930 0 2928 0 0 0 0 0 0 0 0 0
2834 2 2835 0 2933 0 0 0 0 0 0 0 0 0
2940 2 2841 1 3041 1 0 0 0 0 0 0 0 0
5529 2 5429 0 5630 0 0 0 0 0 0 0 0 0
5436 2 5437 0 5435 0 0 0 0 0 0 0 0 0
5438 3 5338 0 5437 0 5537 0 0 0 0 0 0 0
6133 2 6134 1 6132 1 0 0 0 0 0 0 0 0
6136 2 6137 1 6135 1 0 0 0 0 0 0 0 0
6445 2 6345 1 6545 1 0 0 0 0 0 0 0 0
1945 2 1845 1 2045 1 0 0 0 0 0 0 0 0
2838 2 2837 0 2938 0 0 0 0 0 0 0 0 0
3039 2 3040 0 2938 0 0 0 0 0 0 0 0 0
3340 2 3241 1 3441 1 0 0 0 0 0 0 0 0
3241 2 3140 1 3340 1 0 0 0 0 0 0 0 0
4429 2 4329 0 4528 0 0 0 0 0 0 0 0 0
4641 2 4541 1 4740 1 0 0 0 0 0 0 0 0
4829 2 4728 0 4928 0 0 0 0 0 0 0 0 0
5930 2 5831 0 6031 0 0 0 0 0 0 0 0 0
6031 2 5930 0 6131 0 0 0 0 0 0 0 0 0
1928 2 1829 1 2028 1 0 0 0 0 0 0 0 0
1943 2 1844 0 1942 0 0 0 0 0 0 0 0 0
2028 2 1928 1 2127 1 0 0 0 0 0 0 0 0
2344 2 2245 1 2343 1 0 0 0 0 0 0 0 0
2927 2 2928 0 2827 0 0 0 0 0 0 0 0 0
2938 2 2838 0 3039 0 0 0 0 0 0 0 0 0
3533 2 3433 0 3633 0 0 0 0 0 0 0 0 0
3441 2 3340 1 3540 1 0 0 0 0 0 0 0 0
3733 2 3633 0 3833 0 0 0 0 0 0 0 0 0
3841 2 3740 1 3941 1 0 0 0 0 0 0 0 0
4740 2 4641 1 4840 1 0 0 0 0 0 0 0 0
5231 2 5230 0 5331 0 0 0 0 0 0 0 0 0
5338 2 5239 1 5438 1 0 0 0 0 0 0 0 0
5936 2 5837 1 6036 1 0 0 0 0 0 0 0 0
6036 2 5936 1 6035 1 0 0 0 0 0 0 0 0
6144 2 6143 1 6245 1 0 0 0 0 0 0 0 0
6432 2 6331 0 6531 0 0 0 0 0 0 0 0 0
1645 2 1545 1 1745 1 0 0 0 0 0 0 0 0
1745 2 1645 1 1845 1 0 0 0 0 0 0 0 0
1846 2 1847 0 1845 0 0 0 0 0 0 0 0 0
1847 2 1747 0 1846 0 0 0 0 0 0 0 0 0
5138 2 5039 1 5239 1 0 0 0 0 0 0 0 0
5228 2 5229 0 5227 0 0 0 0 0 0 0 0 0
5229 4 5230 0 5128 0 5228 0 5329 0 0 0 0 0
6140 2 6141 1 6139 1 0 0 0 0 0 0 0 0
6345 3 6346 0 6245 1 6445 1 0 0 0 0 0 0
6347 2 6348 0 6346 0 0 0 0 0 0 0 0 0
1830 2 1730 1 1829 1 0 0 0 0 0 0 0 0
2542 2 2443 1 2642 1 0 0 0 0 0 0 0 0
2642 2 2542 1 2741 1 0 0 0 0 0 0 0 0
2841 2 2741 1 2940 1 0 0 0 0 0 0 0 0
4341 2 4241 1 4441 1 0 0 0 0 0 0 0 0
4441 2 4341 1 4541 1 0 0 0 0 0 0 0 0
4728 2 4628 0 4829 0 0 0 0 0 0 0 0 0
6134 3 6135 1 6035 1 6133 1 0 0 0 0 0 0
6035 2 6036 1 6134 1 0 0 0 0 0 0 0 0
6245 2 6144 1 6345 1 0 0 0 0 0 0 0 0
3641 2 3540 1 3740 1 0 0 0 0 0 0 0 0
3932 2 3833 0 3931 0 0 0 0 0 0 0 0 0
5537 2 5438 1 5637 1 0 0 0 0 0 0 0 0
2928 2 2929 0 2927 0 0 0 0 0 0 0 0 0
2930 2 2931 0 2929 0 0 0 0 0 0 0 0 0
3040 2 3041 0 3039 0 0 0 0 0 0 0 0 0
3633 2 3533 0 3733 0 0 0 0 0 0 0 0 0
3931 2 3932 0 4031 0 0 0 0 0 0 0 0 0
5637 2 5537 1 5737 1 0 0 0 0 0 0 0 0
6127 2 6128 1 6126 1 0 0 0 0 0 0 0 0
6138 2 6139 1 6137 1 0 0 0 0 0 0 0 0
6348 2 6249 0 6347 0 0 0 0 0 0 0 0 0
1935 2 1936 0 1835 0 0 0 0 0 0 0 0 0
2037 2 2038 0 1936 0 0 0 0 0 0 0 0 0
2041 2 2042 0 2040 0 0 0 0 0 0 0 0 0
3540 2 3441 1 3641 1 0 0 0 0 0 0 0 0
4928 2 4829 0 5029 0 0 0 0 0 0 0 0 0
5630 2 5529 0 5730 0 0 0 0 0 0 0 0 0
5831 2 5730 0 5930 0 0 0 0 0 0 0 0 0
6137 2 6138 1 6136 1 0 0 0 0 0 0 0 0
1734 2 1635 0 1835 0 0 0 0 0 0 0 0 0
2038 2 2039 0 2037 0 0 0 0 0 0 0 0 0
2039 2 2040 0 2038 0 0 0 0 0 0 0 0 0
2245 2 2145 1 2344 1 0 0 0 0 0 0 0 0
4141 2 4041 1 4241 1 0 0 0 0 0 0 0 0
4628 3 4528 0 4627 0 4728 0 0 0 0 0 0 0
4840 2 4740 1 4939 1 0 0 0 0 0 0 0 0
5329 2 5229 0 5429 0 0 0 0 0 0 0 0 0
6128 2 6129 1 6127 1 0 0 0 0 0 0 0 0
6129 2 6130 1 6128 1 0 0 0 0 0 0 0 0
6130 2 6131 1 6129 1 0 0 0 0 0 0 0 0
1635 2 1534 0 1734 0 0 0 0 0 0 0 0 0
1748 2 1649 0 1747 0 0 0 0 0 0 0 0 0
1829 2 1830 1 1928 1 0 0 0 0 0 0 0 0
2127 2 2028 1 2227 1 0 0 0 0 0 0 0 0
2145 2 2045 1 2245 1 0 0 0 0 0 0 0 0
3433 2 3332 0 3533 0 0 0 0 0 0 0 0 0
5230 2 5231 0 5229 0 0 0 0 0 0 0 0 0
5435 2 5436 0 5434 0 0 0 0 0 0 0 0 0
5730 2 5630 0 5831 0 0 0 0 0 0 0 0 0
1835 2 1734 0 1935 0 0 0 0 0 0 0 0 0
1936 2 1935 0 2037 0 0 0 0 0 0 0 0 0
1845 4 1846 0 1844 0 1745 1 1945 1 0 0 0 0
2227 2 2127 1 2326 1 0 0 0 0 0 0 0 0
2931 2 2932 0 2930 0 0 0 0 0 0 0 0 0
2932 3 2933 0 2931 0 3033 0 0 0 0 0 0 0
2835 2 2836 0 2834 0 0 0 0 0 0 0 0 0
2837 2 2838 0 2836 0 0 0 0 0 0 0 0 0
3233 2 3132 0 3332 0 0 0 0 0 0 0 0 0
5437 2 5438 0 5436 0 0 0 0 0 0 0 0 0
6131 4 6031 0 6232 0 6132 1 6130 1 0 0 0 0
6139 2 6140 1 6138 1 0 0 0 0 0 0 0 0
6141 2 6142 1 6140 1 0 0 0 0 0 0 0 0
6232 2 6131 0 6331 0 0 0 0 0 0 0 0 0
6545 1 6445 1 0 0 0 0 0 0 0 0 0 0
1649 2 1650 0 1748 0 0 0 0 0 0 0 0 0
2343 2 2344 1 2443 1 0 0 0 0 0 0 0 0
3941 2 3841 1 4041 1 0 0 0 0 0 0 0 0
4130 2 4031 0 4230 0 0 0 0 0 0 0 0 0
4241 2 4141 1 4341 1 0 0 0 0 0 0 0 0
5039 2 4939 1 5138 1 0 0 0 0 0 0 0 0
5429 2 5329 0 5529 0 0 0 0 0 0 0 0 0
5432 2 5433 0 5331 0 0 0 0 0 0 0 0 0
6132 2 6133 1 6131 1 0 0 0 0 0 0 0 0
2836 2 2837 0 2835 0 0 0 0 0 0 0 0 0
4230 2 4130 0 4329 0 0 0 0 0 0 0 0 0
4627 2 4628 0 4626 0 0 0 0 0 0 0 0 0
5029 2 4928 0 5128 0 0 0 0 0 0 0 0 0
5331 2 5231 0 5432 0 0 0 0 0 0 0 0 0
5239 2 5138 1 5338 1 0 0 0 0 0 0 0 0
6142 2 6143 1 6141 1 0 0 0 0 0 0 0 0
1747 2 1748 0 1847 0 0 0 0 0 0 0 0 0
2045 2 1945 1 2145 1 0 0 0 0 0 0 0 0
2933 2 2834 0 2932 0 0 0 0 0 0 0 0 0
3332 2 3233 0 3433 0 0 0 0 0 0 0 0 0
3740 2 3641 1 3841 1 0 0 0 0 0 0 0 0
4939 2 4840 1 5039 1 0 0 0 0 0 0 0 0
5128 2 5029 0 5229 0 0 0 0 0 0 0 0 0
5434 2 5435 0 5433 0 0 0 0 0 0 0 0 0
5737 2 5637 1 5837 1 0 0 0 0 0 0 0 0
5837 2 5737 1 5936 1 0 0 0 0 0 0 0 0
6135 2 6136 1 6134 1 0 0 0 0 0 0 0 0
6143 2 6144 1 6142 1 0 0 0 0 0 0 0 0
6250 1 6249 0 0 0 0 0 0 0 0 0 0 0
2741 2 2642 1 2841 1 0 0 0 0 0 0 0 0
2827 2 2826 0 2927 0 0 0 0 0 0 0 0 0
3132 2 3033 0 3233 0 0 0 0 0 0 0 0 0
3033 2 2932 0 3132 0 0 0 0 0 0 0 0 0
3041 3 3040 0 2940 1 3140 1 0 0 0 0 0 0
4041 2 3941 1 4141 1 0 0 0 0 0 0 0 0
4329 2 4230 0 4429 0 0 0 0 0 0 0 0 0
4528 2 4429 0 4628 0 0 0 0 0 0 0 0 0
4541 2 4441 1 4641 1 0 0 0 0 0 0 0 0
5227 2 5228 0 5226 0 0 0 0 0 0 0 0 0
6346 2 6347 0 6345 0 0 0 0 0 0 0 0 0
6249 2 6250 0 6348 0 0 0 0 0 0 0 0 0
6531 1 6432 0 0 0 0 0 0 0 0 0 0 0
1942 2 1943 0 2042 0 0 0 0 0 0 0 0 0
1844 2 1845 0 1943 0 0 0 0 0 0 0 0 0
2040 2 2041 0 2039 0 0 0 0 0 0 0 0 0
2443 2 2343 1 2542 1 0 0 0 0 0 0 0 0
3140 2 3041 1 3241 1 0 0 0 0 0 0 0 0
3833 2 3733 0 3932 0 0 0 0 0 0 0 0 0
4031 2 3931 0 4130 0 0 0 0 0 0 0 0 0
5433 2 5434 0 5432 0 0 0 0 0 0 0 0 0
6331 2 6232 0 6432 0 0 0 0 0 0 0 0 0
