0000 1 1000001 1000001 1000001 1000001 1 
0001 1 1000001 1000001 1 1 1 
0002 1 1000001 1000001 1 1 1 
0003 1 1000001 1000001 1 1 1 
0004 1 1000001 1000001 1 1 1 
0005 1 1000001 1000001 1 1 1 
0006 1 1000001 1000001 1 1 1 
0007 1 1000001 1000001 1 1 1 
0008 1 1000001 1000001 1 1 1 
0009 1 1000001 1000001 1 1 1 
0010 1 1000001 1000001 1 1 1 
0011 1 1000001 1000001 1 1 1 
0012 1 1000001 1000001 1 1 1 
0013 1 1000001 1000001 1 1 1 
0014 1 1000001 1000001 1 1 1 
0015 1 1000001 1000001 1 1 1 
0016 1 1000001 1000001 1 1 1 
0017 1 1000001 1000001 1 1 1 
0018 3 1000003 1000003 3 3 3 
0019 3 1000003 1000003 3 3 3 
0020 1 1000001 1000001 1 1 1 
0021 1 1000001 1000001 1 1 1 
0022 1 1000001 1000001 1 1 1 
0023 1 1000001 1000001 1 1 1 
0024 1 1000001 1000001 1 1 1 
0025 1 1000001 1000001 1 1 1 
0026 1 1000001 1000001 1 1 1 
0027 1 1000001 1000001 1 1 1 
0028 1 1000001 1000001 1 1 1 
0029 1 1000001 1000001 1 1 1 
0030 1 1000001 1000001 1 1 1 
0031 1 1000001 1000001 1 1 1 
0032 1 1000001 1000001 1 1 1 
0033 1 1000001 1000001 1 1 1 
0034 1 1000001 1000001 1 1 1 
0035 1 1000001 1000001 1 1 1 
0036 1 1000001 1000001 1 1 1 
0037 1 1000001 1000001 1 1 1 
0038 1 1000001 1000001 1 1 1 
0039 1 1000001 1000001 1 1 1 
0040 1 1000001 1000001 1 1 1 
0041 1 1000001 1000001 1 1 1 
0042 1 1000001 1000001 1 1 1 
0043 1 1000001 1000001 1 1 1 
0044 1 1000001 1000001 1 1 1 
0045 1 1000001 1000001 1 1 1 
0046 1 1000001 1000001 1 1 1 
0047 1 1000001 1000001 1 1 1 
0048 1 1000001 1000001 1 1 1 
0049 1 1000001 1000001 1 1 1 
0050 1000001 1000001 1000001 1 1 1 
0100 1 1 1 1000001 1 1 
0117 3 3 1 3 1 3 
0150 1000001 1000001 1 1 1 1000001 
0200 1 1 1000001 1000001 1000001 1 
0218 3 3 3 3 3 3 
0250 1000001 1 1 1 1 1 
0300 1 1 1 1000001 1 1 
0350 1000001 1000001 1 1 1 1000001 
0400 1 1 1000001 1000001 1000001 1 
0405 1 3 3 1 1 3 
0422 3 3 3 3 3 3 
0423 3 3 3 3 3 3 
0424 1 3 3 3 1 3 
0428 3 3 3 3 3 3 
0429 3 3 3 3 3 3 
0449 3 3 3 3 3 3 
0450 1000003 3 3 3 3 3 
0500 1 1 1 1000001 1 1 
0521 3 3 3 3 3 3 
0522 3 3 3 3 3 3 
0523 3 1 3 3 3 1 
0527 1 3 3 3 1 3 
0528 3 3 3 1 3 1 
0547 3 3 3 3 3 3 
0548 3 3 3 3 3 3 
0549 3 3 3 3 3 3 
0550 1000003 1000003 3 3 1 1000003 
0600 1 1 1000001 1000001 1000001 1 
0616 3 3 1 3 3 1 
0617 3 1 3 3 3 1 
0618 3 3 3 3 3 3 
0622 1 3 3 3 1 3 
0623 1 3 3 1 3 3 
0624 1 3 1 1 3 1 
0628 3 3 3 3 3 3 
0629 3 3 1 3 1 3 
0649 1 3 3 1 3 3 
0650 1000003 1 3 1 3 3 
0700 1 1 1 1000001 1 1 
0715 3 3 3 3 3 3 
0716 1 3 1 3 3 3 
0717 3 3 1 1 1 3 
0718 3 3 3 3 3 3 
0721 3 1 3 1 3 3 
0722 3 3 3 3 3 3 
0723 3 3 3 3 3 3 
0724 3 3 1 3 1 3 
0750 1000001 1000001 1 1 1 1000001 
0800 1 1 1000001 1000001 1000001 1 
0816 1 3 3 1 3 3 
0817 1 1 3 1 3 1 
0818 1 3 3 1 3 3 
0821 3 3 3 3 3 3 
0822 3 3 3 3 3 3 
0823 3 3 3 3 3 3 
0824 3 1 3 3 1 3 
0850 1000001 1 1 1 1 1 
0900 1 1 1 1000001 1 1 
0916 3 3 3 3 3 3 
0917 3 3 1 3 1 3 
0918 3 3 3 3 3 3 
0939 3 3 1 3 3 1 
0940 3 3 3 3 3 3 
0950 1000001 1000001 1 1 1 1000001 
1000 1 1 1000001 1000001 1000001 1 
1016 1 3 3 3 1 3 
1017 1 1 3 1 3 1 
1018 1 3 3 1 3 3 
1039 3 3 3 3 3 3 
1040 3 3 1 3 3 1 
1041 3 3 3 3 3 3 
1042 3 3 3 3 3 3 
1050 1000001 1 1 1 1 1 
1100 1 1 1 1000001 1 1 
1138 3 3 3 3 3 3 
1139 3 3 3 3 3 3 
1140 1 3 1 3 3 3 
1141 1 3 3 1 3 3 
1150 1000001 1000001 1 1 1 1000001 
1200 1 1 1000001 1000001 1000001 1 
1239 3 3 3 3 3 3 
1240 3 3 3 3 3 3 
1241 3 3 3 3 3 3 
1250 1000001 1 1 1 1 1 
1300 1 1 1 1000001 1 1 
1311 3 3 3 3 3 3 
1313 3 3 3 3 3 3 
1314 3 1 3 3 1 3 
1339 3 3 3 3 3 3 
1340 3 3 3 3 3 3 
1341 3 3 3 3 3 3 
1350 1000001 1000001 1 1 1 1000001 
1400 1 1 1000001 1000001 1000001 1 
1412 3 3 3 3 3 3 
1413 1 3 1 3 3 3 
1414 3 1 3 1 1 3 
1436 3 3 3 3 3 3 
1450 1000001 1 1 1 1 1 
1500 1 1 1 1000001 1 1 
1508 3 3 3 3 3 3 
1509 3 3 1 3 3 1 
1512 3 3 3 3 3 3 
1513 3 1 3 3 1 3 
1514 3 3 3 3 3 3 
1520 3 3 3 3 3 3 
1535 3 3 3 3 3 3 
1536 3 3 3 3 3 3 
1537 3 3 3 3 3 3 
1550 1000001 1000001 1 1 1 1000001 
1600 1 1 1000001 1000001 1000001 1 
1609 3 3 3 3 3 3 
1610 3 3 1 3 3 1 
1612 3 3 3 3 3 3 
1613 3 1 3 3 3 1 
1624 3 1 3 1 3 1 
1625 3 3 3 3 3 3 
1626 3 3 3 3 3 3 
1634 3 3 3 3 3 3 
1635 3 3 1 3 1 3 
1636 3 3 3 3 3 3 
1637 3 3 3 3 3 3 
1650 1000001 1 1 1 1 1 
1700 1 1 1 1000001 1 1 
1709 1 3 3 1 1 3 
1710 1 3 1 1 3 3 
1711 1 3 3 1 3 3 
1712 1 3 3 1 3 3 
1713 3 3 1 1 3 1 
1722 3 3 3 3 3 3 
1723 3 3 3 3 3 3 
1725 3 3 3 3 3 3 
1726 3 3 3 3 3 3 
1734 3 1 3 3 3 1 
1750 1000001 1000001 1 1 1 1000001 
1800 1 1 1000001 1000001 1000001 1 
1809 3 1 3 3 3 1 
1810 3 3 3 3 3 3 
1820 3 3 3 3 3 3 
1823 3 3 3 3 3 3 
1824 3 3 3 3 3 3 
1825 3 3 1 3 3 1 
1826 3 3 3 3 3 3 
1850 1000001 1 1 1 1 1 
1900 1 1 1 1000001 1 1 
1910 1 3 3 1 3 3 
1911 3 3 3 1 3 1 
1935 1 3 1 3 3 3 
1941 3 3 3 3 3 3 
1950 1000001 1000001 1 1 1 1000001 
2000 1 1 1000001 1000001 1000001 1 
2010 3 3 3 3 3 3 
2011 3 3 3 3 3 3 
2012 1 3 1 3 1 3 
2035 3 3 3 3 3 3 
2036 3 3 3 3 3 3 
2039 1 3 3 1 3 3 
2040 1 3 3 1 3 3 
2041 1 3 3 1 3 3 
2050 1000001 1 1 1 1 1 
2100 1 1 1 1000001 1 1 
2102 3 3 3 3 3 3 
2110 3 3 3 3 3 3 
2111 3 1 3 3 1 3 
2112 3 3 3 3 3 3 
2122 3 3 3 3 3 3 
2123 3 3 3 3 3 3 
2124 3 1 3 3 1 3 
2126 3 3 3 3 3 3 
2139 3 3 3 3 3 3 
2140 3 3 3 3 3 3 
2141 3 3 3 3 3 3 
2142 3 3 3 3 3 3 
2150 1000001 1000001 1 1 1 1000001 
2200 3 3 1000003 1000003 1000003 3 
2215 3 3 3 3 3 3 
2216 3 3 3 3 3 3 
2217 3 3 3 3 3 3 
2220 3 3 3 3 3 3 
2223 3 3 3 3 3 3 
2224 3 1 3 3 1 3 
2225 3 3 3 3 3 3 
2240 3 3 3 3 3 3 
2241 3 3 3 3 3 3 
2242 3 3 3 3 3 3 
2243 3 3 3 3 3 3 
2249 3 3 3 3 3 3 
2250 1000001 1 1 1 1 1 
2300 1 1 1 1000001 1 1 
2314 1 3 1 3 3 3 
2315 1 3 3 1 3 3 
2339 3 3 3 3 3 3 
2340 3 3 3 3 3 3 
2341 3 3 3 3 3 3 
2342 3 3 3 3 3 3 
2345 3 3 3 3 3 3 
2346 3 3 3 3 3 3 
2348 3 3 3 3 3 3 
2350 1000001 1000001 1 1 1 1000001 
2400 1 1 1000001 1000001 1000001 1 
2415 3 3 3 3 3 3 
2441 3 3 3 3 3 3 
2447 3 3 3 3 3 3 
2448 3 3 3 3 3 3 
2450 1000001 1 1 1 1 1 
2500 1 1 1 1000001 1 1 
2501 1 3 3 1 3 3 
2513 1 3 3 1 3 3 
2546 3 3 3 3 3 3 
2550 1000001 1000001 1 1 1 1000001 
2600 1 1 1000001 1000001 1000001 1 
2613 3 3 3 3 3 3 
2619 3 3 3 3 3 3 
2620 3 1 3 3 1 3 
2635 3 3 3 3 3 3 
2636 3 3 3 3 3 3 
2637 3 3 3 3 3 3 
2650 1000001 1 1 1 1 1 
2700 1 1 1 1000001 1 1 
2708 3 3 3 3 3 3 
2716 3 3 3 3 3 3 
2717 3 1 3 3 3 1 
2718 3 3 3 3 3 3 
2719 3 1 3 3 1 3 
2720 3 3 3 3 3 3 
2735 3 3 3 3 3 3 
2736 3 3 3 3 3 3 
2737 3 3 3 3 3 3 
2750 1000001 1000001 1 1 1 1000001 
2800 1 1 1000001 1000001 1000001 1 
2816 1 3 1 1 3 3 
2817 1 3 3 1 3 3 
2818 1 3 1 1 3 1 
2819 3 1 3 1 3 3 
2820 3 3 3 3 3 3 
2821 3 3 3 3 3 3 
2836 1 3 3 1 3 3 
2837 1 3 3 1 3 3 
2838 3 3 3 1 3 1 
2850 1000001 1 1 1 1 1 
2900 1 1 1 1000001 1 1 
2930 1 3 3 1 3 3 
2931 1 3 3 1 3 3 
2936 3 3 3 3 3 3 
2937 3 3 3 3 3 3 
2950 1000001 1000001 1 1 1 1000001 
3000 1 1 1000001 1000001 1000001 1 
3031 3 3 3 3 3 3 
3050 1000001 1 1 1 1 1 
3100 1 1 1 1000001 1 1 
3150 1000001 1000001 1 1 1 1000001 
3200 1 1 1000001 1000001 1000001 1 
3247 3 3 3 3 3 3 
3248 3 3 3 3 3 3 
3249 3 3 3 3 3 3 
3250 1000001 1 1 1 1 1 
3300 1 1 1 1000001 1 1 
3316 3 3 3 3 3 3 
3317 3 3 3 3 3 3 
3330 3 3 3 3 3 3 
3331 3 3 3 3 3 3 
3346 3 3 3 3 3 3 
3347 3 3 3 3 3 3 
3348 3 3 3 3 3 3 
3350 1000001 1000001 1 1 1 1000001 
3400 1 1 1000001 1000001 1000001 1 
3404 3 3 3 3 3 3 
3431 3 3 3 3 3 3 
3441 3 3 1 3 1 3 
3442 3 3 3 3 3 3 
3443 3 3 3 3 3 3 
3444 3 3 3 3 3 3 
3445 3 3 3 3 3 3 
3446 3 3 3 3 3 3 
3447 3 3 3 3 3 3 
3448 3 3 3 3 3 3 
3449 3 3 3 3 3 3 
3450 1000001 1 1 1 1 1 
3500 1 1 1 1000001 1 1 
3502 3 3 3 3 3 3 
3503 3 3 3 3 3 3 
3504 3 3 3 3 3 3 
3541 3 3 3 3 3 3 
3542 3 3 3 3 3 3 
3543 3 3 3 3 3 3 
3546 3 3 3 3 3 3 
3547 3 3 3 3 3 3 
3548 3 3 3 3 3 3 
3550 1000001 1000001 1 1 1 1000001 
3600 1 1 1000001 1000001 1000001 1 
3602 1 3 3 3 1 3 
3603 1 3 3 1 3 3 
3604 1 3 3 1 3 3 
3605 1 3 3 1 3 3 
3615 1 3 3 1 3 3 
3616 3 3 3 1 3 1 
3617 3 3 3 3 3 3 
3630 3 3 3 3 3 3 
3639 3 3 3 3 3 3 
3642 3 3 3 3 3 3 
3647 3 3 3 3 3 3 
3648 3 3 3 3 3 3 
3650 1000001 1 1 1 1 1 
3700 1 1 1 1000001 1 1 
3702 3 3 3 3 3 3 
3703 3 3 3 3 3 3 
3704 3 3 3 3 3 3 
3705 3 3 3 3 3 3 
3715 3 3 3 3 3 3 
3716 1 3 1 3 3 1 
3717 1 3 3 1 3 3 
3723 3 3 3 3 3 3 
3750 1000001 1000001 1 1 1 1000001 
3800 1 1 1000001 1000001 1000001 1 
3803 3 3 3 3 3 3 
3804 3 3 3 3 3 3 
3805 3 3 3 3 3 3 
3806 3 3 3 3 3 3 
3816 3 3 3 3 3 3 
3817 3 3 1 3 1 3 
3818 3 3 3 3 3 3 
3833 3 1 3 3 1 3 
3850 1000001 1 1 1 1 1 
3900 1 1 1 1000001 1 1 
3916 3 1 3 1 3 3 
3917 3 3 3 3 3 3 
3918 3 1 3 3 3 1 
3932 3 1 3 1 3 3 
3933 3 3 3 3 3 3 
3950 1000001 1000001 1 1 1 1000001 
4000 1 1 1000001 1000001 1000001 1 
4011 3 3 3 3 3 3 
4012 3 3 3 3 3 3 
4026 3 3 3 3 3 3 
4027 3 3 3 3 3 3 
4050 1000001 1 1 1 1 1 
4100 1 1 1 1000001 1 1 
4110 3 3 3 3 3 3 
4111 1 3 3 3 1 3 
4112 3 1 3 1 3 3 
4150 1000001 1000001 1 1 1 1000001 
4200 1 1 1000001 1000001 1000001 1 
4211 3 1 3 1 3 3 
4212 3 3 3 3 3 3 
4250 1000001 1 1 1 1 1 
4300 1 1 1 1000001 1 1 
4312 3 3 3 3 3 3 
4327 3 3 3 3 3 3 
4328 3 3 3 3 3 3 
4350 1000001 1000001 1 1 1 1000001 
4400 1 1 1000001 1000001 1000001 1 
4427 3 3 3 3 3 3 
4428 3 3 3 3 3 3 
4429 3 1 3 3 1 3 
4439 3 3 3 3 3 3 
4440 3 3 3 3 3 3 
4441 3 1 3 3 3 1 
4450 1000001 1 1 1 1 1 
4500 1 1 1 1000001 1 1 
4518 3 1 3 3 3 1 
4526 3 3 3 3 3 3 
4527 3 3 3 3 3 3 
4528 3 1 3 3 1 3 
4538 3 3 3 3 3 3 
4539 3 3 3 3 3 3 
4540 3 3 3 3 3 3 
4547 3 3 3 3 3 3 
4548 3 3 3 3 3 3 
4549 3 3 3 3 3 3 
4550 1000001 1000001 1 1 1 1000001 
4600 1 1 1000001 1000001 1000001 1 
4609 1 3 3 1 3 3 
4618 1 3 3 1 3 3 
4619 1 3 1 1 3 1 
4626 1 3 3 1 3 3 
4627 1 3 3 1 3 3 
4628 3 1 3 1 3 1 
4637 3 3 3 3 3 3 
4638 3 3 3 3 3 3 
4639 3 3 3 3 3 3 
4640 3 3 3 3 3 3 
4641 3 1 3 3 1 3 
4648 3 3 3 3 3 3 
4649 3 3 3 3 3 3 
4650 1000003 3 3 3 3 3 
4700 1 1 1 1000001 1 1 
4718 3 3 3 3 3 3 
4721 3 3 3 3 3 3 
4722 3 3 3 3 3 3 
4723 3 1 3 3 1 3 
4728 3 3 1 3 3 1 
4737 3 3 3 3 3 3 
4738 3 3 3 3 3 3 
4739 3 3 3 3 3 3 
4747 3 3 3 3 3 3 
4748 3 3 3 3 3 3 
4749 3 3 3 3 3 3 
4750 1000001 1000001 1 1 1 1000001 
4800 1 1 1000001 1000001 1000001 1 
4822 3 3 3 3 3 3 
4823 3 1 3 3 3 1 
4824 3 3 3 3 3 3 
4837 3 3 3 3 3 3 
4848 3 3 3 3 3 3 
4849 3 3 3 3 3 3 
4850 1000001 1 1 1 1 1 
4900 1 1 1 1000001 1 1 
4904 3 3 3 3 3 3 
4905 3 3 3 3 3 3 
4906 3 3 3 3 3 3 
4911 3 3 1 3 1 3 
4912 3 3 3 3 3 3 
4947 3 3 3 3 3 3 
4948 3 3 3 3 3 3 
4949 3 3 3 3 3 3 
4950 1000001 1000001 1 1 1 1000001 
5000 1 1 1000001 1000001 1000001 1 
5004 3 3 3 3 3 3 
5005 3 3 3 3 3 3 
5006 1 3 3 3 1 3 
5011 1 1 3 1 3 3 
5048 3 3 3 3 3 3 
5049 3 3 3 3 3 3 
5050 1000003 3 3 3 3 3 
5100 1 1 1 1000001 1 1 
5104 1 3 3 3 1 3 
5105 3 1 3 1 3 1 
5127 3 3 3 3 3 3 
5147 3 3 3 3 3 3 
5150 1000001 1000001 1 1 1 1000001 
5200 1 1 1000001 1000001 1000001 1 
5227 1 3 3 1 3 3 
5228 1 3 3 1 3 3 
5247 3 3 3 3 3 3 
5250 1000001 1 1 1 1 1 
5300 1 1 1 1000001 1 1 
5332 3 3 3 3 3 3 
5335 3 3 3 3 3 3 
5336 3 3 3 3 3 3 
5350 1000001 1000001 1 1 1 1000001 
5400 1 1 1000001 1000001 1000001 1 
5407 3 3 1 3 3 1 
5408 3 3 3 3 3 3 
5432 1 3 1 3 3 3 
5433 1 3 3 1 3 3 
5436 1 3 3 1 3 3 
5437 1 3 3 1 3 3 
5438 3 1 3 1 1 3 
5443 3 3 3 3 3 3 
5450 1000001 1 1 1 1 1 
5500 1 1 1 1000001 1 1 
5501 3 3 3 3 3 3 
5507 1 3 1 3 3 3 
5508 1 3 3 1 3 3 
5516 3 3 3 3 3 3 
5518 3 3 3 3 3 3 
5519 3 1 3 3 3 1 
5536 3 3 3 3 3 3 
5537 3 1 3 3 1 3 
5538 3 3 3 3 3 3 
5550 1000001 1000001 1 1 1 1000001 
5600 1 1 1000001 1000001 1000001 1 
5601 3 3 3 3 3 3 
5602 3 1 3 3 1 3 
5616 3 3 3 3 3 3 
5617 3 3 3 3 3 3 
5619 3 3 3 3 3 3 
5650 1000001 1 1 1 1 1 
5700 1 1 1 1000001 1 1 
5701 3 1 3 3 3 1 
5702 3 3 3 3 3 3 
5721 3 3 3 3 3 3 
5750 1000001 1000001 1 1 1 1000001 
5800 1 1 1000001 1000001 1000001 1 
5821 1 3 3 1 3 3 
5822 1 3 3 1 3 3 
5823 1 3 3 1 3 3 
5824 3 3 3 1 3 1 
5837 3 1 3 3 1 3 
5841 3 3 3 3 3 3 
5842 3 3 3 3 3 3 
5843 3 3 3 3 3 3 
5850 1000001 1 1 1 1 1 
5900 1 1 1 1000001 1 1 
5915 3 3 3 3 3 3 
5916 3 3 3 3 3 3 
5923 3 3 3 3 3 3 
5924 1 3 1 3 3 3 
5925 3 1 3 1 3 3 
5926 3 3 3 3 3 3 
5937 3 3 3 3 3 3 
5941 3 3 3 3 3 3 
5942 3 3 3 3 3 3 
5943 3 3 3 3 3 3 
5950 1000001 1000001 1 1 1 1000001 
6000 1 1 1000001 1000001 1000001 1 
6016 1 3 3 1 3 3 
6017 1 3 3 1 3 3 
6018 1 3 3 1 3 3 
6024 3 3 3 3 3 3 
6025 3 3 3 3 3 3 
6026 3 3 3 3 3 3 
6027 3 3 3 3 3 3 
6050 1000001 1 1 1 1 1 
6100 1 1 1 1000001 1 1 
6138 1 3 3 1 3 3 
6139 1 3 3 1 3 3 
6140 1 3 3 1 3 3 
6150 1000001 1000001 1 1 1 1000001 
6200 1 1 1000001 1000001 1000001 1 
6240 3 3 3 3 3 3 
6250 1000003 3 3 1 3 3 
6300 3 1 3 1000003 3 1 
6301 3 3 3 3 3 3 
6341 3 3 3 3 3 3 
6342 3 3 3 3 3 3 
6343 3 3 3 3 3 3 
6350 1000003 1000003 3 3 3 1000003 
6400 3 3 1000003 1000003 1000003 3 
6401 3 3 1 3 1 3 
6410 3 3 3 3 3 3 
6442 3 3 3 3 3 3 
6443 3 3 3 3 3 3 
6450 1000001 1 1 1 1 1 
6500 3 1 3 1000003 1000003 1000003 
6501 3 3 3 3 1000003 1000003 
6502 1 1 1 1 1000001 1000001 
6503 1 1 1 1 1000001 1000001 
6504 1 1 1 1 1000001 1000001 
6505 1 1 1 1 1000001 1000001 
6506 1 1 1 1 1000001 1000001 
6507 1 1 1 1 1000001 1000001 
6508 1 1 1 1 1000001 1000001 
6509 1 1 1 1 1000001 1000001 
6510 1 1 1 1 1000001 1000001 
6511 3 3 3 3 1000003 1000003 
6512 1 1 1 1 1000001 1000001 
6513 1 1 1 1 1000001 1000001 
6514 1 1 1 1 1000001 1000001 
6515 1 1 1 1 1000001 1000001 
6516 1 1 1 1 1000001 1000001 
6517 1 1 1 1 1000001 1000001 
6518 1 1 1 1 1000001 1000001 
6519 1 1 1 1 1000001 1000001 
6520 1 1 1 1 1000001 1000001 
6521 1 1 1 1 1000001 1000001 
6522 1 1 1 1 1000001 1000001 
6523 1 1 1 1 1000001 1000001 
6524 1 1 1 1 1000001 1000001 
6525 1 1 1 1 1000001 1000001 
6526 1 1 1 1 1000001 1000001 
6527 1 1 1 1 1000001 1000001 
6528 1 1 1 1 1000001 1000001 
6529 1 1 1 1 1000001 1000001 
6530 1 1 1 1 1000001 1000001 
6531 1 1 1 1 1000001 1000001 
6532 1 1 1 1 1000001 1000001 
6533 1 1 1 1 1000001 1000001 
6534 1 1 1 1 1000001 1000001 
6535 1 1 1 1 1000001 1000001 
6536 1 1 1 1 1000001 1000001 
6537 1 1 1 1 1000001 1000001 
6538 1 1 1 1 1000001 1000001 
6539 1 1 1 1 1000001 1000001 
6540 1 1 1 1 1000001 1000001 
6541 1 1 1 1 1000001 1000001 
6542 1 1 1 1 1000001 1000001 
6543 1 1 1 1 1000001 1000001 
6544 1 1 1 1 1000001 1000001 
6545 1 1 1 1 1000001 1000001 
6546 1 1 1 1 1000001 1000001 
6547 1 1 1 1 1000001 1000001 
6548 1 1 1 1 1000001 1000001 
6549 1 1 1 1 1000001 1000001 
6550 1000001 1000001 1 1 1000001 1000001 
